4 0.6463636359375 0.7266666671875 0.6636363640625 0.6442424250000001 0.6495454546875 0.6442424250000001 0.5913636359375001 0.6563636359375 0.5854545453125 0.6836363640625 0.5954545453125 0.704242425 0.58802556875 0.7571164765625 0.57825994375 0.7883664765625 0.57630681875 0.7987831437499999 0.58900213125 0.8000852265624999 0.59193181875 0.8196164765624999 0.60169744375 0.8274289765624999 0.62513494375 0.8039914765624999 0.64075994375 0.7519081437499999 0.64075994375 0.7362831437499999 0.6463636359375 0.7266666671875
1 0.474609375 0.6575520828125 0.4765625 0.6497395828125 0.4716796875 0.6484375 0.470703125 0.6575520828125 0.474609375 0.6575520828125
1 0.400390625 0.7408854171875 0.4140625 0.7408854171875 0.423828125 0.7330729171875 0.4208984375 0.7291666671875 0.4072265625 0.7317708328125 0.400390625 0.7408854171875
1 0.4287109375 0.734375 0.458984375 0.7330729171875 0.4599609375 0.7265625 0.4501953125 0.7239583328125 0.42578125 0.73046875 0.4287109375 0.734375
1 0.375 0.5950520828125 0.3798828125 0.6015625 0.39453125 0.6002604171875 0.40625 0.5924479171875 0.4033203125 0.5833333328125 0.3818359375 0.5859375 0.375 0.5950520828125
1 0.263671875 0.56640625 0.2607421875 0.5572916671875 0.255859375 0.55859375 0.2587890625 0.5677083328125 0.263671875 0.56640625
1 0.5908203125 0.6536458328125 0.6015625 0.65234375 0.607421875 0.6236979171875 0.5986328125 0.6197916671875 0.5859375 0.6419270828125 0.5908203125 0.6536458328125
1 0.6689453125 0.5963541671875 0.677734375 0.5950520828125 0.6806640625 0.5833333328125 0.6748046875 0.5807291671875 0.66796875 0.5872395828125 0.6689453125 0.5963541671875
1 0.6064453125 0.5520833328125 0.625 0.55078125 0.62890625 0.5455729171875 0.6240234375 0.5416666671875 0.60546875 0.54296875 0.6064453125 0.5520833328125
1 0.69140625 0.5611979171875 0.693359375 0.5533854171875 0.6826171875 0.5442708328125 0.68359375 0.55859375 0.69140625 0.5611979171875
1 0.5107421875 0.6953125 0.5 0.69921875 0.51171875 0.69921875 0.5107421875 0.6953125
1 0.51953125 0.69921875 0.52734375 0.6940104171875 0.5166015625 0.6927083328125 0.515625 0.69921875 0.51953125 0.69921875