1 0.3291015625 0.8072916671874999 0.3515625 0.8059895828125001 0.3486328125 0.7890625 0.3251953125 0.7864583328125 0.3203125 0.79296875 0.3291015625 0.8072916671874999
1 0.234375 0.8138020828125001 0.2392578125 0.8203125 0.251953125 0.8216145828125001 0.255859375 0.8190104171874999 0.2529296875 0.8072916671874999 0.2392578125 0.8072916671874999 0.234375 0.8138020828125001
1 0.484375 0.6731770828125 0.484375 0.66015625 0.4794921875 0.6588541671875 0.478515625 0.6731770828125 0.484375 0.6731770828125
1 0.599609375 0.5559895828125 0.607421875 0.55859375 0.611328125 0.5559895828125 0.6103515625 0.5416666671875 0.599609375 0.5481770828125 0.599609375 0.5559895828125
1 0.494140625 0.4466145828125 0.49609375 0.4309895828125 0.4912109375 0.4296875 0.486328125 0.4466145828125 0.494140625 0.4466145828125
1 0.3095703125 0.7057291671875 0.314453125 0.7044270828125 0.31640625 0.7018229171875 0.3115234375 0.6953125 0.3046875 0.69921875 0.3095703125 0.7057291671875
1 0.5712890625 0.8020833328125001 0.58203125 0.80078125 0.583984375 0.7903645828125 0.5810546875 0.7864583328125 0.568359375 0.7903645828125 0.5712890625 0.8020833328125001
2 0.666015625 0.8033854171874999 0.66796875 0.8111979171874999 0.67578125 0.8059895828125001 0.6767578125 0.78125 0.669921875 0.7877604171875 0.666015625 0.8033854171874999
1 0.5 0.6497395828125 0.50390625 0.64453125 0.4970703125 0.640625 0.494140625 0.6471354171875 0.5 0.6497395828125
1 0.4140625 0.70703125 0.4150390625 0.6927083328125 0.400390625 0.69921875 0.4072265625 0.7083333328125 0.4140625 0.70703125
1 0.494140625 0.8033854171874999 0.494140625 0.7955729171875 0.4892578125 0.7942708328125 0.48828125 0.8033854171874999 0.494140625 0.8033854171874999
2 0.236328125 0.51171875 0.23828125 0.5299479171875 0.2421875 0.5299479171875 0.2421875 0.5091145828125 0.2333984375 0.4973958328125 0.23046875 0.50390625 0.236328125 0.51171875
1 0.755859375 0.6393229171875 0.7548828125 0.6302083328125 0.74609375 0.6315104171875 0.7470703125 0.640625 0.755859375 0.6393229171875
1 0.74609375 0.6809895828125 0.75 0.6809895828125 0.75390625 0.6705729171875 0.7509765625 0.6614583328125 0.74609375 0.6653645828125 0.74609375 0.6809895828125
1 0.74609375 0.7513020828125 0.7568359375 0.7578125 0.779296875 0.7565104171875 0.783203125 0.7513020828125 0.7783203125 0.7473958328125 0.7490234375 0.7473958328125 0.74609375 0.7513020828125
1 0.720703125 0.7018229171875 0.7197265625 0.6953125 0.71484375 0.6966145828125 0.7158203125 0.703125 0.720703125 0.7018229171875
1 0.8173828125 0.7083333328125 0.826171875 0.7096354171875 0.828125 0.7018229171875 0.8251953125 0.6979166671875 0.81640625 0.69921875 0.8173828125 0.7083333328125
1 0.701171875 0.7278645828125 0.703125 0.7174479171875 0.6962890625 0.7135416671875 0.693359375 0.7252604171875 0.701171875 0.7278645828125
1 0.669921875 0.70703125 0.671875 0.69921875 0.6669921875 0.6953125 0.666015625 0.70703125 0.669921875 0.70703125
1 0.58203125 0.5299479171875 0.5810546875 0.5234375 0.57421875 0.5247395828125 0.5751953125 0.53125 0.58203125 0.5299479171875