4 0.40806818125 0.8196164765624999 0.41099786875 0.8000852265624999 0.42369318125 0.7987831437499999 0.42174005625 0.7883664765625 0.41197443125 0.7571164765625 0.4045454546875 0.704242425 0.41454545468750004 0.6836363640625 0.4086363640625 0.6563636359375 0.3504545453125 0.6442424250000001 0.3363636359375 0.6442424250000001 0.3536363640625 0.7266666671875 0.35924005625 0.7362831437499999 0.35924005625 0.7519081437499999 0.37486505625 0.8039914765624999 0.39830255625 0.8274289765624999 0.40806818125 0.8196164765624999
1 0.529296875 0.6575520828125 0.5283203125 0.6484375 0.5234375 0.6497395828125 0.525390625 0.6575520828125 0.529296875 0.6575520828125
1 0.599609375 0.7408854171875 0.5927734375 0.7317708328125 0.5791015625 0.7291666671875 0.576171875 0.7330729171875 0.5859375 0.7408854171875 0.599609375 0.7408854171875
1 0.5712890625 0.734375 0.57421875 0.73046875 0.5498046875 0.7239583328125 0.5400390625 0.7265625 0.541015625 0.7330729171875 0.5712890625 0.734375
1 0.6201171875 0.6015625 0.625 0.5950520828125 0.6181640625 0.5859375 0.5966796875 0.5833333328125 0.59375 0.5924479171875 0.60546875 0.6002604171875 0.6201171875 0.6015625
1 0.7412109375 0.5677083328125 0.744140625 0.55859375 0.7392578125 0.5572916671875 0.736328125 0.56640625 0.7412109375 0.5677083328125
1 0.4091796875 0.6536458328125 0.4140625 0.6419270828125 0.4013671875 0.6197916671875 0.392578125 0.6236979171875 0.3984375 0.65234375 0.4091796875 0.6536458328125
1 0.3310546875 0.5963541671875 0.33203125 0.5872395828125 0.3251953125 0.5807291671875 0.3193359375 0.5833333328125 0.322265625 0.5950520828125 0.3310546875 0.5963541671875
1 0.3935546875 0.5520833328125 0.39453125 0.54296875 0.3759765625 0.5416666671875 0.37109375 0.5455729171875 0.375 0.55078125 0.3935546875 0.5520833328125
1 0.31640625 0.55859375 0.3173828125 0.5442708328125 0.306640625 0.5533854171875 0.30859375 0.5611979171875 0.31640625 0.55859375
1 0.5 0.69921875 0.4892578125 0.6953125 0.48828125 0.69921875 0.5 0.69921875
1 0.484375 0.69921875 0.4833984375 0.6927083328125 0.47265625 0.6940104171875 0.48046875 0.69921875 0.484375 0.69921875