8 0.6974921630094044 0.8338028169014085 0.7335423197492164 0.8366197183098592 0.7523510971786834 0.8253521126760563 0.7648902821316614 0.8028169014084507 0.7727272727272727 0.7633802816901408 0.7758620689655172 0.7014084507042253 0.774294670846395 0.6619718309859155 0.7570532915360502 0.6845070422535211 0.7084639498432602 0.7126760563380282 0.664576802507837 0.7380281690140845 0.6786833855799373 0.8140845070422535 0.6974921630094044 0.8338028169014085
8 0.40282131661442006 0.8225352112676056 0.40282131661442006 0.7408450704225352 0.3730407523510972 0.7154929577464789 0.34796238244514105 0.7070422535211267 0.32601880877742945 0.704225352112676 0.329153605015674 0.8084507042253521 0.335423197492163 0.8450704225352113 0.3448275862068966 0.856338028169014 0.3949843260188088 0.8507042253521127 0.40282131661442006 0.8225352112676056
10 0.38087774294670845 0.4704225352112676 0.390282131661442 0.5605633802816902 0.4090909090909091 0.6 0.6818181818181818 0.5859154929577465 0.6943573667711599 0.5774647887323944 0.6990595611285266 0.5577464788732395 0.7037617554858934 0.4788732394366197 0.700626959247649 0.4309859154929577 0.6959247648902821 0.43380281690140843 0.6818181818181818 0.4084507042253521 0.5940438871473355 0.4028169014084507 0.44200626959247646 0.4112676056338028 0.41379310344827586 0.4140845070422535 0.4059561128526646 0.4225352112676056 0.39184952978056425 0.4450704225352113 0.384012539184953 0.43661971830985913 0.38087774294670845 0.4704225352112676
17 0.40752351097178685 0.14929577464788732 0.4263322884012539 0.14366197183098592 0.5360501567398119 0.14084507042253522 0.6191222570532915 0.14084507042253522 0.6489028213166145 0.14366197183098592 0.6520376175548589 0.1352112676056338 0.6489028213166145 0.1295774647887324 0.5752351097178683 0.12394366197183099 0.4090909090909091 0.1323943661971831 0.40282131661442006 0.14647887323943662 0.40752351097178685 0.14929577464788732
14 0.3542319749216301 0.30704225352112674 0.3730407523510972 0.30704225352112674 0.3730407523510972 0.3380281690140845 0.3871473354231975 0.3408450704225352 0.3871473354231975 0.3211267605633803 0.3824451410658307 0.3211267605633803 0.3824451410658307 0.30704225352112674 0.3871473354231975 0.30704225352112674 0.3871473354231975 0.30422535211267604 0.38557993730407525 0.2507042253521127 0.384012539184953 0.24788732394366197 0.35266457680250785 0.24788732394366197 0.3542319749216301 0.30704225352112674
14 0.670846394984326 0.30140845070422534 0.6755485893416928 0.30140845070422534 0.6755485893416928 0.3154929577464789 0.6724137931034483 0.3154929577464789 0.6724137931034483 0.323943661971831 0.6755485893416928 0.3380281690140845 0.6755485893416928 0.3295774647887324 0.6802507836990596 0.3323943661971831 0.6833855799373041 0.3295774647887324 0.6833855799373041 0.29859154929577464 0.6943573667711599 0.29577464788732394 0.6959247648902821 0.24225352112676057 0.6692789968652038 0.23943661971830985 0.6677115987460815 0.2591549295774648 0.670846394984326 0.30140845070422534
6 0.31191222570532917 0.6140845070422535 0.31504702194357365 0.6704225352112676 0.329153605015674 0.7014084507042253 0.36990595611285265 0.7126760563380282 0.3996865203761755 0.7380281690140845 0.4608150470219436 0.7464788732394366 0.6661442006269592 0.7352112676056338 0.7225705329153606 0.7070422535211267 0.7601880877742947 0.6816901408450704 0.774294670846395 0.6619718309859155 0.780564263322884 0.6056338028169014 0.7789968652037618 0.5408450704225352 0.7147335423197492 0.5492957746478874 0.700626959247649 0.5352112676056338 0.6990595611285266 0.5605633802816902 0.6912225705329154 0.5830985915492958 0.6551724137931034 0.5915492957746479 0.4702194357366771 0.6 0.40282131661442006 0.6 0.39655172413793105 0.5830985915492958 0.3871473354231975 0.5464788732394367 0.3793103448275862 0.5605633802816902 0.31347962382445144 0.5605633802816902 0.30877742946708464 0.5549295774647888 0.31191222570532917 0.6140845070422535
13 0.5329153605015674 0.723943661971831 0.6379310344827587 0.7183098591549296 0.6379310344827587 0.6619718309859155 0.47648902821316613 0.6647887323943662 0.47648902821316613 0.7211267605633803 0.5329153605015674 0.723943661971831
5 0.7147335423197492 0.5464788732394367 0.7789968652037618 0.5408450704225352 0.780564263322884 0.49014084507042255 0.7727272727272727 0.4591549295774648 0.7507836990595611 0.428169014084507 0.7272727272727273 0.4112676056338028 0.7037617554858934 0.4 0.7021943573667712 0.4112676056338028 0.700626959247649 0.428169014084507 0.7053291536050157 0.48169014084507045 0.7021943573667712 0.5352112676056338 0.7147335423197492 0.5464788732394367
5 0.37460815047021945 0.4084507042253521 0.3573667711598746 0.4169014084507042 0.33699059561128525 0.4253521126760563 0.3181818181818182 0.4507042253521127 0.31191222570532917 0.48732394366197185 0.3103448275862069 0.5408450704225352 0.31347962382445144 0.5605633802816902 0.3793103448275862 0.5605633802816902 0.38557993730407525 0.543661971830986 0.3793103448275862 0.4704225352112676 0.38087774294670845 0.428169014084507 0.37460815047021945 0.4084507042253521
12 0.38557993730407525 0.37464788732394366 0.38087774294670845 0.4084507042253521 0.384012539184953 0.4309859154929577 0.3934169278996865 0.4394366197183099 0.40752351097178685 0.4169014084507042 0.43103448275862066 0.4084507042253521 0.49059561128526646 0.4028169014084507 0.5893416927899686 0.4 0.6567398119122257 0.4 0.6849529780564263 0.4056338028169014 0.6959247648902821 0.4309859154929577 0.7037617554858934 0.4112676056338028 0.6943573667711599 0.39154929577464787 0.6692789968652038 0.3267605633802817 0.6520376175548589 0.30704225352112674 0.6050156739811913 0.30422535211267604 0.5094043887147336 0.30422535211267604 0.4341692789968652 0.30422535211267604 0.4012539184952978 0.3154929577464789 0.39184952978056425 0.3408450704225352 0.38557993730407525 0.37464788732394366
11 0.4153605015673981 0.428169014084507 0.4043887147335423 0.43661971830985913 0.3981191222570533 0.4507042253521127 0.39655172413793105 0.4676056338028169 0.3981191222570533 0.48732394366197185 0.4043887147335423 0.504225352112676 0.4106583072100313 0.5126760563380282 0.4200626959247649 0.5154929577464789 0.42946708463949845 0.5154929577464789 0.4373040752351097 0.5126760563380282 0.44357366771159873 0.49859154929577465 0.44670846394984326 0.48732394366197185 0.44670846394984326 0.476056338028169 0.44670846394984326 0.4591549295774648 0.4482758620689655 0.4619718309859155 0.44357366771159873 0.447887323943662 0.4373040752351097 0.43661971830985913 0.4278996865203762 0.428169014084507 0.4153605015673981 0.428169014084507
11 0.6536050156739812 0.4225352112676056 0.64576802507837 0.43661971830985913 0.6410658307210031 0.4563380281690141 0.6410658307210031 0.476056338028169 0.6473354231974922 0.49577464788732395 0.6551724137931034 0.504225352112676 0.6630094043887147 0.5070422535211268 0.670846394984326 0.5070422535211268 0.6802507836990596 0.5014084507042254 0.6880877742946708 0.48732394366197185 0.6912225705329154 0.4732394366197183 0.6927899686520376 0.4591549295774648 0.6896551724137931 0.4450704225352113 0.6865203761755486 0.4309859154929577 0.677115987460815 0.4169014084507042 0.664576802507837 0.4169014084507042 0.6536050156739812 0.4225352112676056
20 0.40282131661442006 0.19718309859154928 0.3996865203761755 0.2535211267605634 0.3981191222570533 0.28732394366197184 0.4122257053291536 0.28732394366197184 0.44200626959247646 0.28450704225352114 0.47492163009404387 0.28169014084507044 0.5156739811912225 0.27887323943661974 0.5642633228840125 0.27887323943661974 0.6003134796238244 0.27605633802816903 0.6347962382445141 0.27605633802816903 0.6614420062695925 0.27605633802816903 0.6598746081504702 0.24507042253521127 0.6567398119122257 0.2028169014084507 0.6520376175548589 0.16901408450704225 0.6489028213166145 0.14929577464788732 0.6410658307210031 0.14084507042253522 0.6112852664576802 0.14084507042253522 0.5658307210031348 0.14084507042253522 0.5031347962382445 0.14084507042253522 0.43573667711598746 0.14647887323943662 0.4090909090909091 0.14929577464788732 0.4043887147335423 0.16619718309859155 0.40282131661442006 0.19718309859154928