4 0.07107231920199501 0.3283333333333333 0.3167082294264339 0.44166666666666665 0.4089775561097257 0.13333333333333333 0.1658354114713217 0.13 0.07107231920199501 0.3283333333333333
13 0.20448877805486285 0.5633333333333334 0.21321695760598502 0.505 0.11970074812967581 0.4533333333333333 0.12219451371571072 0.51 0.20448877805486285 0.5633333333333334
2 0.5847880299251871 0.595 0.5648379052369077 0.6683333333333333 0.5511221945137157 0.74 0.5536159600997507 0.8033333333333333 0.5847880299251871 0.8266666666666667 0.6309226932668329 0.8033333333333333 0.6733167082294265 0.7233333333333334 0.6920199501246883 0.6183333333333333 0.6758104738154613 0.55 0.6458852867830424 0.5333333333333333 0.5847880299251871 0.595
8 0.8865336658354115 0.43333333333333335 0.8528678304239401 0.515 0.8952618453865336 0.5183333333333333 0.9201995012468828 0.485 0.9314214463840399 0.41 0.9226932668329177 0.36333333333333334 0.8865336658354115 0.43333333333333335
18 0.4114713216957606 0.6583333333333333 0.4164588528678304 0.615 0.4077306733167082 0.5333333333333333 0.327930174563591 0.5333333333333333 0.25311720698254364 0.5116666666666667 0.2542614987531172 0.56978903 0.2593516209476309 0.6133333333333333 0.2718204488778055 0.6383333333333333 0.3167082294264339 0.66 0.36658354114713215 0.6766666666666666 0.4114713216957606 0.6583333333333333
15 0.4102244389027431 0.535 0.4164588528678304 0.65 0.32917705735660846 0.6666666666666666 0.33541147132169574 0.7033333333333334 0.3229426433915212 0.725 0.37281795511221943 0.7583333333333333 0.4164588528678304 0.745 0.5511221945137157 0.6733333333333333 0.5698254364089775 0.6383333333333333 0.5910224438902744 0.59 0.6097256857855362 0.5633333333333334 0.655860349127182 0.5216666666666666 0.6408977556109726 0.35833333333333334 0.5511221945137157 0.39166666666666666 0.4800498753117207 0.4083333333333333 0.4389027431421446 0.4216666666666667 0.3653366583541147 0.44666666666666666 0.32169576059850374 0.44 0.31546134663341646 0.5283333333333333 0.4102244389027431 0.535
17 0.8204488778054863 0.115 0.773067331670823 0.08333333333333333 0.7206982543640897 0.07666666666666666 0.628428927680798 0.07166666666666667 0.5187032418952618 0.07166666666666667 0.39775561097256856 0.07166666666666667 0.24688279301745636 0.08166666666666667 0.1633416458852868 0.12166666666666667 0.4002493765586035 0.13 0.8204488778054863 0.115
18 0.07231920199501247 0.47 0.09600997506234414 0.505 0.09975062344139651 0.425 0.05860349127182045 0.3933333333333333 0.07231920199501247 0.47
3 0.6408977556109726 0.3516666666666667 0.786783042394015 0.30833333333333335 0.7531172069825436 0.115 0.6296758104738155 0.11333333333333333 0.6408977556109726 0.3516666666666667
1 0.6583541147132169 0.5133333333333333 0.6708229426433915 0.5133333333333333 0.6945137157107232 0.6 0.7755610972568578 0.54 0.7942643391521197 0.49666666666666665 0.7980049875311721 0.43166666666666664 0.786783042394015 0.3233333333333333 0.7805486284289277 0.29333333333333333 0.7481296758104738 0.10833333333333334 0.6296758104738155 0.10833333333333334 0.6408977556109726 0.33 0.6446384039900249 0.35 0.6583541147132169 0.5133333333333333
9 0.8640897755610972 0.21833333333333332 0.8391521197007481 0.16166666666666665 0.8129675810473815 0.11666666666666667 0.7493765586034913 0.11833333333333333 0.7880299251870324 0.31666666666666665 0.8802992518703242 0.2833333333333333 0.8640897755610972 0.21833333333333332
7 0.7955112219451371 0.375 0.7930174563591023 0.45 0.7942643391521197 0.47 0.7905236907730673 0.495 0.7805486284289277 0.5333333333333333 0.8266832917705735 0.49333333333333335 0.8653366583541147 0.46 0.8778054862842892 0.44666666666666666 0.8890274314214464 0.39166666666666666 0.8915211970074813 0.3233333333333333 0.8877805486284289 0.29 0.871571072319202 0.28833333333333333 0.8665835411471322 0.23166666666666666 0.8117206982543641 0.11166666666666666 0.7493765586034913 0.10833333333333334 0.7817955112219451 0.2783333333333333 0.7880299251870324 0.31666666666666665 0.7955112219451371 0.375
16 0.6970074812967582 0.6383333333333333 0.7693266832917706 0.5616666666666666 0.871571072319202 0.4716666666666667 0.8778054862842892 0.445 0.7768079800498753 0.5366666666666666 0.6920199501246883 0.6033333333333334 0.6970074812967582 0.6383333333333333
19 0.06608478802992519 0.335 0.05610972568578554 0.38333333333333336 0.09850374064837905 0.42333333333333334 0.09850374064837905 0.49333333333333335 0.08603491271820449 0.49 0.09102244389027432 0.53 0.13840399002493767 0.5783333333333334 0.1882793017456359 0.625 0.23067331670822944 0.6633333333333333 0.2805486284289277 0.7016666666666667 0.3192019950124688 0.7183333333333334 0.3329177057356609 0.6966666666666667 0.327930174563591 0.6666666666666666 0.29800498753117205 0.655 0.26184538653366585 0.6266666666666667 0.25561097256857856 0.5833333333333334 0.24688279301745636 0.505 0.31296758104738154 0.5316666666666666 0.3179551122194514 0.44 0.06608478802992519 0.335
0 0.43516209476309226 0.7383333333333333 0.371571072319202 0.76 0.3254364089775561 0.735 0.30423940149625933 0.715 0.2256857855361596 0.6566666666666666 0.17581047381546136 0.6133333333333333 0.14214463840399003 0.5833333333333334 0.1084788029925187 0.5533333333333333 0.08354114713216958 0.5333333333333333 0.06982543640897755 0.5583333333333333 0.0798004987531172 0.61 0.13840399002493767 0.6966666666666667 0.2169576059850374 0.7616666666666667 0.2805486284289277 0.8083333333333333 0.3329177057356609 0.84 0.37281795511221943 0.8533333333333334 0.442643391521197 0.82 0.5049875311720698 0.7983333333333333 0.5236907730673317 0.74 0.5586034912718204 0.6733333333333333 0.4975062344139651 0.7066666666666667 0.43516209476309226 0.7383333333333333
5 0.928927680798005 0.2816666666666667 0.9239401496259352 0.29333333333333333 0.9152119700748129 0.295 0.9002493765586035 0.29333333333333333 0.8890274314214464 0.2916666666666667 0.8890274314214464 0.305 0.8915211970074813 0.31833333333333336 0.8890274314214464 0.34 0.8890274314214464 0.365 0.8877805486284289 0.3933333333333333 0.8827930174563591 0.42 0.8790523690773068 0.44333333333333336 0.8890274314214464 0.425 0.9002493765586035 0.4066666666666667 0.9102244389027432 0.38666666666666666 0.9177057356608479 0.37 0.9276807980049875 0.34833333333333333 0.9351620947630923 0.3466666666666667 0.940149625935162 0.36 0.9413965087281796 0.375 0.9364089775561097 0.395 0.9413965087281796 0.385 0.9463840399002493 0.37666666666666665 0.9488778054862843 0.36333333333333334 0.9451371571072319 0.3466666666666667 0.9463840399002493 0.3233333333333333 0.9476309226932669 0.3016666666666667 0.9476309226932669 0.285 0.942643391521197 0.2733333333333333 0.9326683291770573 0.27 0.928927680798005 0.2816666666666667
14 0.8703241895261845 0.2916666666666667 0.8815461346633416 0.2916666666666667 0.8940149625935162 0.2916666666666667 0.9052369077306733 0.2916666666666667 0.9214463840399002 0.2916666666666667 0.9251870324189526 0.29 0.928927680798005 0.285 0.9301745635910225 0.2783333333333333 0.9314214463840399 0.27166666666666667 0.9326683291770573 0.26666666666666666 0.9314214463840399 0.26 0.928927680798005 0.25333333333333335 0.9239401496259352 0.25 0.9177057356608479 0.245 0.9052369077306733 0.245 0.8965087281795511 0.24333333333333335 0.8877805486284289 0.24333333333333335 0.885286783042394 0.24833333333333332 0.8827930174563591 0.25666666666666665 0.8815461346633416 0.26666666666666666 0.8765586034912718 0.28 0.8703241895261845 0.2916666666666667
3 0.4401496259351621 0.4216666666666667 0.6234413965087282 0.36333333333333334 0.6221945137157108 0.265 0.6159600997506235 0.11333333333333333 0.48753117206982544 0.13 0.4401496259351621 0.4216666666666667