4 0.5 0.25 0.5421052631578948 0.26635514018691586 0.6368421052631579 0.25934579439252337 0.7491228070175439 0.2570093457943925 0.7947368421052632 0.2383177570093458 0.6263157894736842 0.1261682242990654 0.5596491228070175 0.12149532710280374 0.443859649122807 0.1191588785046729 0.3631578947368421 0.1261682242990654 0.5 0.25
19 0.5157894736842106 0.2897196261682243 0.5771929824561404 0.32009345794392524 0.6473684210526316 0.3574766355140187 0.6614035087719298 0.4322429906542056 0.6947368421052632 0.4322429906542056 0.7491228070175439 0.43457943925233644 0.7631578947368421 0.4742990654205608 0.7631578947368421 0.5210280373831776 0.6807017543859649 0.5537383177570093 0.7 0.6144859813084113 0.7491228070175439 0.6004672897196262 0.7982456140350878 0.5747663551401869 0.8666666666666667 0.5420560747663551 0.9175438596491228 0.4976635514018692 0.9315789473684211 0.4485981308411215 0.9087719298245615 0.4649532710280374 0.9210526315789473 0.3878504672897196 0.9421052631578948 0.3574766355140187 0.9368421052631579 0.29906542056074764 0.8596491228070176 0.26401869158878505 0.7964912280701755 0.24299065420560748 0.7491228070175439 0.2546728971962617 0.6508771929824562 0.2570093457943925 0.5684210526315789 0.26401869158878505 0.5298245614035088 0.26401869158878505 0.5017543859649123 0.25 0.4964912280701754 0.26869158878504673 0.5157894736842106 0.2897196261682243
0 0.543859649122807 0.5584112149532711 0.5228070175438596 0.5981308411214953 0.48771929824561405 0.6004672897196262 0.4017543859649123 0.5700934579439252 0.3543859649122807 0.5467289719626168 0.37543859649122807 0.6285046728971962 0.4052631578947368 0.7032710280373832 0.45964912280701753 0.7453271028037384 0.5157894736842106 0.7920560747663551 0.5701754385964912 0.8317757009345794 0.6280701754385964 0.8387850467289719 0.6771929824561403 0.8200934579439252 0.7508771929824561 0.7757009345794392 0.8666666666666667 0.6962616822429907 0.9333333333333333 0.6261682242990654 0.9649122807017544 0.5186915887850467 0.9491228070175438 0.4672897196261682 0.9385964912280702 0.441588785046729 0.9175438596491228 0.5070093457943925 0.7 0.6121495327102804 0.6807017543859649 0.544392523364486 0.6263157894736842 0.5490654205607477 0.5614035087719298 0.5420560747663551 0.543859649122807 0.5584112149532711
18 0.4964912280701754 0.4369158878504673 0.5228070175438596 0.49065420560747663 0.5631578947368421 0.5420560747663551 0.6192982456140351 0.5490654205607477 0.6789473684210526 0.5467289719626168 0.6684210526315789 0.46261682242990654 0.6614035087719298 0.43457943925233644 0.5912280701754385 0.42289719626168226 0.5333333333333333 0.39953271028037385 0.49122807017543857 0.40654205607476634 0.4964912280701754 0.4369158878504673
18 0.9350877192982456 0.4392523364485981 0.9491228070175438 0.3925233644859813 0.9421052631578948 0.3598130841121495 0.9263157894736842 0.38317757009345793 0.9052631578947369 0.46261682242990654 0.9350877192982456 0.4392523364485981
15 0.24912280701754386 0.5771028037383178 0.24912280701754386 0.5257009345794392 0.25087719298245614 0.47897196261682246 0.256140350877193 0.46261682242990654 0.26842105263157895 0.45560747663551404 0.2929824561403509 0.45794392523364486 0.3368421052631579 0.5093457943925234 0.36140350877192984 0.5514018691588785 0.44035087719298244 0.5864485981308412 0.512280701754386 0.6051401869158879 0.5403508771929825 0.572429906542056 0.5631578947368421 0.5397196261682243 0.5228070175438596 0.48130841121495327 0.5087719298245614 0.4649532710280374 0.49473684210526314 0.4392523364485981 0.48947368421052634 0.4158878504672897 0.49298245614035086 0.40420560747663553 0.5070175438596491 0.40186915887850466 0.5280701754385965 0.40654205607476634 0.5666666666666667 0.4158878504672897 0.6578947368421053 0.42990654205607476 0.6456140350877193 0.3574766355140187 0.631578947368421 0.34579439252336447 0.5070175438596491 0.2827102803738318 0.49473684210526314 0.26869158878504673 0.4982456140350877 0.25 0.34912280701754383 0.24766355140186916 0.3280701754385965 0.2967289719626168 0.2912280701754386 0.37149532710280375 0.2807017543859649 0.397196261682243 0.25087719298245614 0.42990654205607476 0.23859649122807017 0.4883177570093458 0.23684210526315788 0.5514018691588785 0.23859649122807017 0.5864485981308412 0.2543859649122807 0.6004672897196262 0.24912280701754386 0.5771028037383178
17 0.3385964912280702 0.10747663551401869 0.3631578947368421 0.1261682242990654 0.4192982456140351 0.1261682242990654 0.6 0.12149532710280374 0.543859649122807 0.09813084112149532 0.45614035087719296 0.08411214953271028 0.3526315789473684 0.0794392523364486 0.2719298245614035 0.08177570093457943 0.28596491228070176 0.08644859813084112 0.30350877192982456 0.0911214953271028 0.3385964912280702 0.10747663551401869
3 0.3087719298245614 0.17289719626168223 0.2964912280701754 0.21495327102803738 0.28421052631578947 0.2616822429906542 0.3105263157894737 0.26869158878504673 0.3263157894736842 0.26635514018691586 0.3368421052631579 0.2523364485981308 0.3350877192982456 0.23598130841121495 0.3192982456140351 0.18925233644859812 0.3087719298245614 0.17289719626168223
9 0.16842105263157894 0.23130841121495327 0.1824561403508772 0.16822429906542055 0.21578947368421053 0.102803738317757 0.18070175438596492 0.10747663551401869 0.15263157894736842 0.13317757009345793 0.11929824561403508 0.17289719626168223 0.09298245614035087 0.2266355140186916 0.16842105263157894 0.23130841121495327
7 0.07368421052631578 0.27102803738317754 0.07543859649122807 0.34345794392523366 0.08947368421052632 0.40420560747663553 0.16842105263157894 0.48364485981308414 0.16842105263157894 0.4602803738317757 0.1543859649122807 0.3855140186915888 0.15263157894736842 0.29205607476635514 0.16842105263157894 0.2383177570093458 0.18070175438596492 0.17523364485981308 0.21754385964912282 0.09813084112149532 0.1736842105263158 0.11214953271028037 0.1368421052631579 0.14953271028037382 0.09649122807017543 0.21261682242990654 0.07368421052631578 0.27102803738317754
1 0.1649122807017544 0.23598130841121495 0.15087719298245614 0.29906542056074764 0.1543859649122807 0.3574766355140187 0.15087719298245614 0.38317757009345793 0.16842105263157894 0.45560747663551404 0.17017543859649123 0.48598130841121495 0.23157894736842105 0.5490654205607477 0.23684210526315788 0.5 0.24912280701754386 0.4322429906542056 0.2824561403508772 0.397196261682243 0.3017543859649123 0.35046728971962615 0.3280701754385965 0.2967289719626168 0.34912280701754383 0.24766355140186916 0.3280701754385965 0.19158878504672897 0.3017543859649123 0.13317757009345793 0.2736842105263158 0.10514018691588785 0.23859649122807017 0.09345794392523364 0.21578947368421053 0.10046728971962617 0.18070175438596492 0.16822429906542055 0.1649122807017544 0.23598130841121495
2 0.2631578947368421 0.6214953271028038 0.26842105263157895 0.6542056074766355 0.28596491228070176 0.7219626168224299 0.3087719298245614 0.7686915887850467 0.34210526315789475 0.780373831775701 0.3701754385964912 0.7780373831775701 0.3912280701754386 0.7686915887850467 0.41578947368421054 0.7429906542056075 0.4280701754385965 0.719626168224299 0.40350877192982454 0.7009345794392523 0.39473684210526316 0.6728971962616822 0.37719298245614036 0.6285046728971962 0.36140350877192984 0.5677570093457944 0.3473684210526316 0.5327102803738317 0.3192982456140351 0.4929906542056075 0.3 0.4766355140186916 0.2789473684210526 0.48364485981308414 0.26842105263157895 0.5186915887850467 0.2596491228070175 0.5841121495327103 0.2631578947368421 0.6214953271028038
8 0.05263157894736842 0.3037383177570093 0.04912280701754386 0.3177570093457944 0.04736842105263158 0.34579439252336447 0.05263157894736842 0.38317757009345793 0.05789473684210526 0.4182242990654206 0.07368421052631578 0.4485981308411215 0.08771929824561403 0.45794392523364486 0.10350877192982456 0.4532710280373832 0.10701754385964912 0.45093457943925236 0.0912280701754386 0.43457943925233644 0.0912280701754386 0.40420560747663553 0.08421052631578947 0.3808411214953271 0.07543859649122807 0.34579439252336447 0.06842105263157895 0.32009345794392524 0.056140350877192984 0.29906542056074764 0.05263157894736842 0.3037383177570093
14 0.06842105263157895 0.18457943925233644 0.04912280701754386 0.1939252336448598 0.04736842105263158 0.21495327102803738 0.06666666666666667 0.23130841121495327 0.08947368421052632 0.2336448598130841 0.1 0.2102803738317757 0.0912280701754386 0.18925233644859812 0.06842105263157895 0.18457943925233644
5 0.03859649122807018 0.2803738317757009 0.04912280701754386 0.2827102803738318 0.056140350877192984 0.29205607476635514 0.06315789473684211 0.3037383177570093 0.07368421052631578 0.3364485981308411 0.07543859649122807 0.3037383177570093 0.07368421052631578 0.26869158878504673 0.08596491228070176 0.24532710280373832 0.08421052631578947 0.23130841121495327 0.07368421052631578 0.23130841121495327 0.06315789473684211 0.22897196261682243 0.05263157894736842 0.2336448598130841 0.0456140350877193 0.2546728971962617 0.042105263157894736 0.26635514018691586 0.03859649122807018 0.2803738317757009
16 0.16666666666666666 0.48364485981308414 0.0912280701754386 0.4088785046728972 0.09298245614035087 0.43457943925233644 0.156140350877193 0.5 0.20701754385964913 0.5514018691588785 0.23684210526315788 0.5794392523364486 0.23157894736842105 0.5490654205607477 0.16666666666666666 0.48364485981308414
18 0.6789473684210526 0.5327102803738317 0.6789473684210526 0.544392523364486 0.7070175438596491 0.5420560747663551 0.7631578947368421 0.5210280373831776 0.7631578947368421 0.4719626168224299 0.7491228070175439 0.4322429906542056 0.6614035087719298 0.43457943925233644 0.6684210526315789 0.4602803738317757 0.6789473684210526 0.5327102803738317
3 0.3 0.15186915887850466 0.28771929824561404 0.12850467289719625 0.2736842105263158 0.11682242990654206 0.2614035087719298 0.10981308411214953 0.24561403508771928 0.10514018691588785 0.22631578947368422 0.10514018691588785 0.21929824561403508 0.12383177570093458 0.20877192982456141 0.15186915887850466 0.19649122807017544 0.1822429906542056 0.18771929824561404 0.21495327102803738 0.18421052631578946 0.24065420560747663 0.2754385964912281 0.2570093457943925 0.30526315789473685 0.1658878504672897 0.3 0.15186915887850466
6 0.03508771929824561 0.2897196261682243 0.03684210526315789 0.31542056074766356 0.03859649122807018 0.338785046728972 0.043859649122807015 0.3644859813084112 0.04912280701754386 0.37383177570093457 0.042105263157894736 0.3177570093457944 0.043859649122807015 0.28738317757009346 0.03859649122807018 0.2850467289719626 0.03508771929824561 0.2897196261682243