18 0.712280701754386 0.5866050808314087 0.7333333333333333 0.5727482678983834 0.7456140350877193 0.5473441108545035 0.7385964912280701 0.5127020785219399 0.7192982456140351 0.49884526558891457 0.6842105263157895 0.49653579676674364 0.712280701754386 0.5866050808314087
18 0.8473684210526315 0.48036951501154734 0.8649122807017544 0.4665127020785219 0.8666666666666667 0.4341801385681293 0.856140350877193 0.4064665127020785 0.8473684210526315 0.44110854503464203 0.8473684210526315 0.48036951501154734
4 0.5578947368421052 0.43187066974595845 0.656140350877193 0.3972286374133949 0.7526315789473684 0.36027713625866054 0.6947368421052632 0.3187066974595843 0.6350877192982456 0.2817551963048499 0.5807017543859649 0.26558891454965355 0.5280701754385965 0.2748267898383372 0.47017543859649125 0.2863741339491917 0.41403508771929826 0.302540415704388 0.5280701754385965 0.42725173210161665 0.5578947368421052 0.43187066974595845
19 0.6877192982456141 0.49884526558891457 0.7210526315789474 0.5011547344110855 0.7403508771929824 0.5219399538106235 0.7473684210526316 0.5542725173210161 0.7333333333333333 0.5727482678983834 0.7087719298245614 0.5935334872979214 0.7192982456140351 0.6166281755196305 0.7421052631578947 0.6374133949191686 0.8122807017543859 0.5796766743648961 0.8543859649122807 0.5242494226327945 0.8614035087719298 0.47113163972286376 0.8421052631578947 0.48267898383371827 0.8491228070175438 0.43187066974595845 0.856140350877193 0.3972286374133949 0.8543859649122807 0.3741339491916859 0.7456140350877193 0.36027713625866054 0.7140350877192982 0.3787528868360277 0.543859649122807 0.4341801385681293 0.6754385964912281 0.46420323325635104 0.6877192982456141 0.49884526558891457
0 0.47719298245614034 0.6674364896073903 0.5035087719298246 0.7159353348729792 0.531578947368421 0.792147806004619 0.5719298245614035 0.7990762124711316 0.6192982456140351 0.8036951501154734 0.6701754385964912 0.8083140877598153 0.7140350877192982 0.7944572748267898 0.7491228070175439 0.7551963048498845 0.7894736842105263 0.7113163972286374 0.8140350877192982 0.6812933025404158 0.8508771929824561 0.6397228637413395 0.8701754385964913 0.5981524249422633 0.8894736842105263 0.5565819861431871 0.8842105263157894 0.5127020785219399 0.8614035087719298 0.4896073903002309 0.8543859649122807 0.5288683602771362 0.8087719298245614 0.5842956120092379 0.7385964912280701 0.6374133949191686 0.7192982456140351 0.6189376443418014 0.6859649122807018 0.6466512702078522 0.6385964912280702 0.651270207852194 0.5824561403508772 0.6443418013856813 0.4982456140350877 0.628175519630485 0.44912280701754387 0.6189376443418014 0.47719298245614034 0.6674364896073903
15 0.4 0.418013856812933 0.3929824561403509 0.45727482678983833 0.3824561403508772 0.5103926096997691 0.3701754385964912 0.5750577367205543 0.356140350877193 0.6304849884526559 0.34385964912280703 0.6674364896073903 0.35964912280701755 0.6859122401847575 0.36140350877192984 0.6628175519630485 0.3719298245614035 0.6189376443418014 0.387719298245614 0.5958429561200924 0.42105263157894735 0.6027713625866051 0.45263157894736844 0.6189376443418014 0.5631578947368421 0.6420323325635104 0.6192982456140351 0.651270207852194 0.6649122807017543 0.648960739030023 0.6929824561403509 0.6420323325635104 0.7192982456140351 0.6189376443418014 0.7087719298245614 0.5842956120092379 0.6719298245614035 0.5935334872979214 0.6403508771929824 0.5958429561200924 0.6157894736842106 0.5658198614318707 0.5982456140350877 0.5381062355658198 0.6035087719298246 0.5196304849884527 0.6631578947368421 0.5080831408775982 0.6859649122807018 0.49884526558891457 0.6736842105263158 0.46420323325635104 0.5333333333333333 0.4295612009237875 0.4 0.418013856812933
2 0.37719298245614036 0.7205542725173211 0.37894736842105264 0.7575057736720554 0.3929824561403509 0.7944572748267898 0.4087719298245614 0.8337182448036952 0.4368421052631579 0.859122401847575 0.47192982456140353 0.8729792147806005 0.49298245614035086 0.8683602771362586 0.512280701754386 0.8452655889145496 0.5245614035087719 0.8244803695150116 0.5280701754385965 0.8013856812933026 0.5228070175438596 0.7782909930715936 0.5 0.7274826789838337 0.48947368421052634 0.7020785219399538 0.47719298245614034 0.6628175519630485 0.4631578947368421 0.6443418013856813 0.4421052631578947 0.625866050808314 0.41578947368421054 0.625866050808314 0.3929824561403509 0.6466512702078522 0.37543859649122807 0.6812933025404158 0.37719298245614036 0.7205542725173211
1 0.24385964912280703 0.4387990762124711 0.22807017543859648 0.4780600461893764 0.23157894736842105 0.5334872979214781 0.24561403508771928 0.6004618937644342 0.2631578947368421 0.6558891454965358 0.32105263157894737 0.6812933025404158 0.3368421052631579 0.6836027713625866 0.34035087719298246 0.6766743648960739 0.3508771929824561 0.6397228637413395 0.3701754385964912 0.5704387990762124 0.3824561403508772 0.5219399538106235 0.39649122807017545 0.45727482678983833 0.39649122807017545 0.4018475750577367 0.3824561403508772 0.3510392609699769 0.3684210526315789 0.3210161662817552 0.34912280701754383 0.30484988452655887 0.3105263157894737 0.3002309468822171 0.2754385964912281 0.30484988452655887 0.24385964912280703 0.4387990762124711
3 0.26842105263157895 0.34872979214780603 0.2578947368421053 0.3833718244803695 0.2543859649122807 0.43648960739030024 0.39824561403508774 0.44803695150115475 0.39649122807017545 0.42725173210161665 0.387719298245614 0.3810623556581986 0.3631578947368421 0.325635103926097 0.3350877192982456 0.3140877598152425 0.2807017543859649 0.3094688221709007 0.26842105263157895 0.34872979214780603
17 0.4105263157894737 0.302540415704388 0.5771929824561404 0.26558891454965355 0.5157894736842106 0.25635103926096997 0.43333333333333335 0.2586605080831409 0.387719298245614 0.2632794457274827 0.3526315789473684 0.26558891454965355 0.3175438596491228 0.27251732101616627 0.2982456140350877 0.2817551963048499 0.3456140350877193 0.2840646651270208 0.3701754385964912 0.2863741339491917 0.4105263157894737 0.302540415704388
7 0.2614035087719298 0.302540415704388 0.23859649122807017 0.3071593533487298 0.22105263157894736 0.3163972286374134 0.2 0.3302540415704388 0.1736842105263158 0.36027713625866054 0.156140350877193 0.3833718244803695 0.15263157894736842 0.4110854503464203 0.15087719298245614 0.4341801385681293 0.14035087719298245 0.4457274826789838 0.13157894736842105 0.47575057736720555 0.13157894736842105 0.5127020785219399 0.1368421052631579 0.5381062355658198 0.14035087719298245 0.5635103926096998 0.1543859649122807 0.6004618937644342 0.2596491228070175 0.648960739030023 0.24210526315789474 0.5866050808314087 0.23157894736842105 0.535796766743649 0.22807017543859648 0.4780600461893764 0.24385964912280703 0.4387990762124711 0.256140350877193 0.37644341801385683 0.2736842105263158 0.302540415704388 0.2614035087719298 0.302540415704388
9 0.23859649122807017 0.4295612009237875 0.2649122807017544 0.3071593533487298 0.22982456140350876 0.3163972286374134 0.19473684210526315 0.3394919168591224 0.1631578947368421 0.38799076212471134 0.1543859649122807 0.43187066974595845 0.23859649122807017 0.4295612009237875
5 0.07719298245614035 0.4665127020785219 0.07543859649122807 0.47344110854503463 0.07543859649122807 0.48267898383371827 0.07192982456140351 0.49884526558891457 0.08070175438596491 0.5057736720554272 0.08596491228070176 0.49653579676674364 0.09473684210526316 0.49884526558891457 0.10350877192982456 0.5080831408775982 0.12105263157894737 0.535796766743649 0.13508771929824562 0.5704387990762124 0.1456140350877193 0.6096997690531177 0.16140350877192983 0.6189376443418014 0.14035087719298245 0.5658198614318707 0.1368421052631579 0.5427251732101617 0.13157894736842105 0.5150115473441108 0.13157894736842105 0.47344110854503463 0.14210526315789473 0.44341801385681295 0.13508771929824562 0.44341801385681295 0.1280701754385965 0.45265588914549654 0.11929824561403508 0.4665127020785219 0.10701754385964912 0.46420323325635104 0.1 0.45265588914549654 0.1 0.43187066974595845 0.0824561403508772 0.4457274826789838 0.07719298245614035 0.4665127020785219
6 0.07017543859649122 0.49653579676674364 0.06842105263157895 0.5265588914549654 0.07543859649122807 0.5519630484988453 0.08596491228070176 0.5681293302540416 0.08070175438596491 0.535796766743649 0.08070175438596491 0.5173210161662818 0.08070175438596491 0.5057736720554272 0.07017543859649122 0.49653579676674364
8 0.0912280701754386 0.5658198614318707 0.09298245614035087 0.5958429561200924 0.10175438596491228 0.6189376443418014 0.11228070175438597 0.6443418013856813 0.1280701754385965 0.6466512702078522 0.14035087719298245 0.6397228637413395 0.15087719298245614 0.6304849884526559 0.14736842105263157 0.6143187066974596 0.14210526315789473 0.5981524249422633 0.13508771929824562 0.5704387990762124 0.12631578947368421 0.5473441108545035 0.11403508771929824 0.5219399538106235 0.10175438596491228 0.5080831408775982 0.0912280701754386 0.5103926096997691 0.08947368421052632 0.5404157043879908 0.0912280701754386 0.5658198614318707
16 0.16140350877192983 0.625866050808314 0.21578947368421053 0.648960739030023 0.3736842105263158 0.7274826789838337 0.35964912280701755 0.6836027713625866 0.34385964912280703 0.674364896073903 0.3368421052631579 0.6882217090069284 0.1543859649122807 0.6004618937644342 0.16140350877192983 0.625866050808314
14 0.12982456140350876 0.418013856812933 0.11403508771929824 0.42032332563510394 0.09824561403508772 0.4341801385681293 0.10526315789473684 0.46420323325635104 0.11929824561403508 0.46420323325635104 0.14035087719298245 0.4341801385681293 0.14736842105263157 0.42032332563510394 0.14385964912280702 0.394919168591224 0.12982456140350876 0.418013856812933