9 0.7514934289127837 0.184 0.7634408602150538 0.2256 0.7718040621266428 0.2608 0.7777777777777778 0.2944 0.8112305854241338 0.2912 0.8530465949820788 0.288 0.8626045400238949 0.28 0.8566308243727598 0.2448 0.8494623655913979 0.2128 0.8446833930704899 0.1856 0.8136200716845878 0.1632 0.7873357228195937 0.1488 0.7574671445639187 0.136 0.7383512544802867 0.1312 0.7395459976105138 0.1536 0.7514934289127837 0.184
9 0.8697729988052568 0.2768 0.8829151732377539 0.2736 0.9008363201911589 0.2704 0.8984468339307049 0.2496 0.8876941457586619 0.2336 0.8709677419354839 0.2128 0.8530465949820788 0.1968 0.8697729988052568 0.2768
14 0.8673835125448028 0.3056 0.8781362007168458 0.3152 0.8912783751493429 0.3136 0.9115890083632019 0.3072 0.9163679808841099 0.2912 0.9068100358422939 0.2768 0.8912783751493429 0.2784 0.8769414575866189 0.2816 0.8649940262843488 0.2896 0.8673835125448028 0.3056
3 0.5173237753882916 0.184 0.5328554360812425 0.2384 0.5531660692951016 0.2976 0.5830346475507766 0.3056 0.6284348864994026 0.312 0.6989247311827957 0.3008 0.7383512544802867 0.2976 0.7108721624850657 0.1088 0.6678614097968937 0.1024 0.6356033452807647 0.104 0.5961768219832736 0.1056 0.5531660692951016 0.1152 0.5065710872162486 0.1408 0.5173237753882916 0.184
3 0.4910394265232975 0.2288 0.5005973715651135 0.2592 0.5185185185185185 0.2752 0.5328554360812425 0.2832 0.5005973715651135 0.1584 0.48984468339307047 0.1664 0.47909199522102747 0.184 0.4910394265232975 0.2288
1 0.5089605734767025 0.1648 0.5161290322580645 0.1824 0.5209080047789725 0.208 0.5268817204301075 0.2336 0.5340501792114696 0.2512 0.5316606929510155 0.2896 0.5268817204301075 0.3216 0.5328554360812425 0.3568 0.5436081242532855 0.4032 0.5495818399044206 0.44 0.5579450418160096 0.4736 0.5663082437275986 0.5104 0.5746714456391876 0.536 0.5961768219832736 0.5568 0.6105137395459976 0.584 0.6200716845878136 0.6272 0.6224611708482676 0.6688 0.6523297491039427 0.6416 0.6786140979689367 0.624 0.6929510155316607 0.6144 0.7252090800477897 0.6016 0.7407407407407407 0.5936 0.7443249701314217 0.5696 0.7491039426523297 0.5296 0.7622461170848268 0.496 0.7694145758661888 0.4672 0.7753882915173238 0.4272 0.7777777777777778 0.3984 0.7801672640382318 0.3648 0.7670250896057348 0.32 0.7562724014336918 0.304 0.7491039426523297 0.272 0.7371565113500598 0.2176 0.7275985663082437 0.176 0.7192353643966547 0.1392 0.7084826762246117 0.1088 0.6786140979689367 0.1024 0.6523297491039427 0.0992 0.6260454002389486 0.104 0.5890083632019116 0.104 0.5591397849462365 0.1072 0.5364396654719236 0.1216 0.5101553166069295 0.1312 0.5089605734767025 0.1648
7 0.7216248506571087 0.1296 0.7275985663082437 0.152 0.7359617682198327 0.184 0.7467144563918757 0.232 0.7550776583034647 0.2704 0.7610513739545998 0.3024 0.7694145758661888 0.32 0.7801672640382318 0.352 0.7825567502986858 0.3824 0.7789725209080047 0.4112 0.7741935483870968 0.44 0.7706093189964157 0.472 0.7622461170848268 0.4992 0.7526881720430108 0.5328 0.7467144563918757 0.5648 0.7455197132616488 0.5952 0.7706093189964157 0.576 0.7837514934289128 0.568 0.7992831541218638 0.5488 0.8183990442054958 0.5296 0.8375149342891278 0.5184 0.8566308243727598 0.5136 0.8781362007168458 0.512 0.8853046594982079 0.488 0.8960573476702509 0.4512 0.9056152927120669 0.416 0.910394265232975 0.392 0.9163679808841099 0.3584 0.9151732377538829 0.3296 0.910394265232975 0.3072 0.8960573476702509 0.3136 0.8829151732377539 0.3216 0.8685782556750299 0.3072 0.8745519713261649 0.2752 0.8602150537634409 0.2384 0.8482676224611708 0.184 0.8231780167264038 0.1616 0.8040621266427718 0.1472 0.7765830346475507 0.1376 0.7479091995221028 0.12 0.7204301075268817 0.1088 0.7216248506571087 0.1296
15 0.27837514934289126 0.3584 0.3070489844683393 0.368 0.3548387096774194 0.3792 0.36917562724014336 0.3968 0.37992831541218636 0.432 0.3763440860215054 0.4672 0.36200716845878134 0.5008 0.34886499402628435 0.5248 0.33572281959378736 0.5504 0.35961768219832735 0.5872 0.38829151732377537 0.6272 0.4074074074074074 0.664 0.41816009557945044 0.648 0.44205495818399043 0.6272 0.4635603345280765 0.6048 0.4850657108721625 0.5968 0.5101553166069295 0.5872 0.5328554360812425 0.5856 0.5555555555555556 0.592 0.5782556750298686 0.608 0.5937873357228196 0.6448 0.5997610513739546 0.6736 0.6248506571087217 0.6656 0.6188769414575866 0.6112 0.6069295101553166 0.576 0.5866188769414575 0.5536 0.5663082437275986 0.5136 0.5507765830346476 0.4528 0.5412186379928315 0.3968 0.5292712066905615 0.3408 0.5244922341696535 0.2944 0.5029868578255675 0.2784 0.47909199522102747 0.2432 0.46714456391875747 0.2048 0.3548387096774194 0.2032 0.27837514934289126 0.3584
4 0.16726403823178015 0.152 0.14575866188769415 0.1776 0.11947431302270012 0.2128 0.09438470728793309 0.2432 0.08482676224611709 0.2752 0.1015531660692951 0.2976 0.13261648745519714 0.3136 0.16845878136200718 0.3216 0.2114695340501792 0.3264 0.26045400238948624 0.3312 0.2915173237753883 0.3232 0.3070489844683393 0.2928 0.3237753882915173 0.2608 0.33930704898446834 0.2336 0.3536439665471924 0.1888 0.35961768219832735 0.16 0.34050179211469533 0.128 0.31660692951015534 0.1184 0.2939068100358423 0.1136 0.26881720430107525 0.1088 0.23178016726403824 0.1056 0.2019115890083632 0.1168 0.17921146953405018 0.1296 0.16726403823178015 0.152
13 0.04898446833930705 0.5344 0.05734767025089606 0.5536 0.06810035842293907 0.5824 0.08004778972520908 0.6128 0.0967741935483871 0.6336 0.09438470728793309 0.6064 0.0967741935483871 0.5856 0.1003584229390681 0.5664 0.08482676224611709 0.5472 0.06929510155316607 0.5248 0.05734767025089606 0.5072 0.04898446833930705 0.5344
19 0.16726403823178015 0.144 0.15053763440860216 0.1712 0.13022700119474312 0.1968 0.10991636798088411 0.224 0.08960573476702509 0.2448 0.07765830346475508 0.2704 0.05734767025089606 0.2944 0.056152927120669056 0.3248 0.05973715651135006 0.3488 0.05973715651135006 0.3696 0.052568697729988054 0.3904 0.04181600955794504 0.4176 0.043010752688172046 0.4528 0.05137395459976105 0.4816 0.06690561529271206 0.504 0.07765830346475508 0.5296 0.09438470728793309 0.5536 0.11947431302270012 0.5776 0.15412186379928317 0.5952 0.16965352449223417 0.5616 0.18996415770609318 0.536 0.17204301075268819 0.5088 0.16726403823178015 0.4736 0.17443249701314217 0.4256 0.1863799283154122 0.4 0.2114695340501792 0.376 0.23775388291517324 0.3632 0.27001194743130225 0.3648 0.2891278375149343 0.3264 0.3070489844683393 0.2928 0.32855436081242534 0.2576 0.36081242532855434 0.1712 0.4145758661887694 0.0976 0.38948626045400236 0.0768 0.35603345280764637 0.0704 0.3333333333333333 0.072 0.2974910394265233 0.0816 0.25806451612903225 0.0816 0.22341696535244923 0.0896 0.1935483870967742 0.104 0.17921146953405018 0.1248 0.16726403823178015 0.144
0 0.18040621266427717 0.552 0.17204301075268819 0.5712 0.15890083632019117 0.592 0.14695340501792115 0.6 0.13620071684587814 0.5952 0.11827956989247312 0.5872 0.1003584229390681 0.5728 0.0991636798088411 0.592 0.0967741935483871 0.616 0.08721624850657109 0.6336 0.07526881720430108 0.6096 0.06332138590203107 0.584 0.05017921146953405 0.5488 0.05137395459976105 0.52 0.06093189964157706 0.5056 0.04659498207885305 0.4752 0.04181600955794504 0.4288 0.037037037037037035 0.4704 0.03106332138590203 0.496 0.037037037037037035 0.536 0.04181600955794504 0.5856 0.053763440860215055 0.6496 0.07765830346475508 0.7216 0.0991636798088411 0.7664 0.12783751493428913 0.8016 0.15173237753882915 0.8384 0.18876941457586618 0.8688 0.2174432497013142 0.872 0.25567502986857826 0.8768 0.3106332138590203 0.8944 0.31899641577060933 0.856 0.32735961768219835 0.808 0.35603345280764637 0.7456 0.38948626045400236 0.6928 0.4038231780167264 0.664 0.3715651135005974 0.6064 0.32855436081242534 0.5472 0.3010752688172043 0.5504 0.27718040621266427 0.5568 0.24850657108721624 0.5568 0.22341696535244923 0.5504 0.2031063321385902 0.5456 0.1875746714456392 0.536 0.18040621266427717 0.552
18 0.19474313022700118 0.392 0.1827956989247312 0.4112 0.17204301075268819 0.4416 0.17204301075268819 0.4736 0.17204301075268819 0.504 0.19474313022700118 0.5328 0.24372759856630824 0.552 0.2903225806451613 0.552 0.3237753882915173 0.5424 0.34408602150537637 0.5152 0.35722819593787336 0.4976 0.37037037037037035 0.472 0.3751493428912784 0.4448 0.37037037037037035 0.4176 0.36200716845878134 0.3968 0.34408602150537637 0.376 0.32735961768219835 0.3696 0.3010752688172043 0.368 0.27001194743130225 0.3696 0.24731182795698925 0.3696 0.22939068100358423 0.3728 0.21385902031063322 0.376 0.19474313022700118 0.392
5 0.9199522102747909 0.2992 0.9163679808841099 0.3248 0.9163679808841099 0.344 0.9127837514934289 0.384 0.9032258064516129 0.4224 0.8960573476702509 0.4512 0.8888888888888888 0.472 0.8841099163679809 0.5024 0.8960573476702509 0.4736 0.9163679808841099 0.4256 0.9247311827956989 0.4016 0.9354838709677419 0.3824 0.9438470728793309 0.3696 0.953405017921147 0.3664 0.961768219832736 0.3904 0.9605734767025089 0.3808 0.9629629629629629 0.3664 0.966547192353644 0.336 0.9605734767025089 0.3088 0.951015531660693 0.28 0.9354838709677419 0.2752 0.921146953405018 0.2608 0.9127837514934289 0.2576 0.9139784946236559 0.2768 0.9199522102747909 0.2992
2 0.34647550776583036 0.7648 0.33572281959378736 0.7904 0.32735961768219835 0.832 0.3321385902031063 0.8896 0.3548387096774194 0.9376 0.4014336917562724 0.9744 0.43966547192353644 0.968 0.4838709677419355 0.9376 0.5209080047789725 0.8992 0.5352449223416965 0.8688 0.5543608124253285 0.832 0.5651135005973715 0.7968 0.5686977299880526 0.7616 0.5770609318996416 0.7072 0.5651135005973715 0.6656 0.5483870967741935 0.6304 0.5292712066905615 0.6112 0.5041816009557945 0.6048 0.46714456391875747 0.6144 0.44802867383512546 0.624 0.4229390681003584 0.6464 0.4038231780167264 0.6672 0.3906810035842294 0.6976 0.3715651135005974 0.7248 0.35842293906810035 0.7536 0.34647550776583036 0.7648
8 0.8817204301075269 0.5104 0.8876941457586619 0.5136 0.8841099163679809 0.5296 0.8721624850657109 0.5376 0.8769414575866189 0.5536 0.8888888888888888 0.5584 0.9008363201911589 0.5568 0.9151732377538829 0.5536 0.9307048984468339 0.5264 0.937873357228196 0.504 0.9414575866188769 0.4896 0.945041816009558 0.464 0.9498207885304659 0.4448 0.9498207885304659 0.4272 0.951015531660693 0.408 0.948626045400239 0.392 0.9414575866188769 0.3824 0.9330943847072879 0.3856 0.9259259259259259 0.4 0.9223416965352449 0.4112 0.9139784946236559 0.4336 0.9032258064516129 0.4592 0.8960573476702509 0.4784 0.8853046594982079 0.4976 0.8817204301075269 0.5104
16 0.6021505376344086 0.7232 0.6117084826762246 0.7232 0.6188769414575866 0.7136 0.6391875746714456 0.7024 0.6738351254480287 0.6784 0.7037037037037037 0.6528 0.7407407407407407 0.6224 0.7598566308243727 0.6048 0.7789725209080047 0.5936 0.7945041816009558 0.5856 0.8076463560334528 0.5792 0.8207885304659498 0.5712 0.8339307048984468 0.5616 0.8458781362007168 0.5488 0.8649940262843488 0.5376 0.8793309438470729 0.5312 0.8829151732377539 0.5248 0.8841099163679809 0.5152 0.8757467144563919 0.5136 0.8661887694145759 0.5152 0.8518518518518519 0.5152 0.8387096774193549 0.52 0.8255675029868578 0.528 0.8160095579450418 0.5376 0.8040621266427718 0.5456 0.7945041816009558 0.5584 0.7837514934289128 0.5696 0.7718040621266428 0.5776 0.7598566308243727 0.5872 0.7491039426523297 0.5936 0.7419354838709677 0.5952 0.7216248506571087 0.6064 0.7072879330943848 0.6144 0.6917562724014337 0.6192 0.6798088410991637 0.6272 0.6666666666666666 0.6352 0.6559139784946236 0.6432 0.6439665471923537 0.6544 0.6308243727598566 0.6656 0.6164874551971327 0.6704 0.5997610513739546 0.6768 0.6021505376344086 0.7232
17 0.4241338112305854 0.0976 0.45758661887694146 0.096 0.5053763440860215 0.0944 0.5471923536439666 0.088 0.5961768219832736 0.0912 0.6391875746714456 0.0896 0.6989247311827957 0.0864 0.6786140979689367 0.08 0.6487455197132617 0.0736 0.6069295101553166 0.0624 0.5663082437275986 0.0608 0.5053763440860215 0.0608 0.46117084826762245 0.0624 0.41816009557945044 0.0608 0.3823178016726404 0.0672 0.4241338112305854 0.0976
12 0.942652329749104 0.2656 0.931899641577061 0.256 0.9199522102747909 0.2496 0.910394265232975 0.2496 0.9127837514934289 0.256 0.9175627240143369 0.2624 0.927120669056153 0.2672 0.9366786140979689 0.2736 0.9438470728793309 0.2752 0.954599761051374 0.28 0.942652329749104 0.2656