20 0.23024523160762944 0.2185792349726776 0.7506811989100818 0.2204007285974499 0.6771117166212534 0.029143897996357013 0.3215258855585831 0.0273224043715847 0.23024523160762944 0.2185792349726776
12 0.164850136239782 0.25136612021857924 0.13896457765667575 0.29508196721311475 0.11716621253405994 0.34790528233151186 0.10490463215258855 0.40619307832422585 0.19482288828337874 0.44990892531876137 0.26430517711171664 0.46994535519125685 0.42915531335149865 0.48816029143898 0.6130790190735694 0.48269581056466304 0.7833787465940054 0.44808743169398907 0.8692098092643051 0.39344262295081966 0.8514986376021798 0.3114754098360656 0.8174386920980926 0.24772313296903462 0.7574931880108992 0.22404371584699453 0.22479564032697547 0.2204007285974499 0.164850136239782 0.25136612021857924
5 0.05722070844686648 0.4408014571948998 0.055858310626702996 0.517304189435337 0.0776566757493188 0.5519125683060109 0.07493188010899182 0.5045537340619308 0.0681198910081744 0.4663023679417122 0.08719346049046321 0.41894353369763204 0.11171662125340599 0.3679417122040073 0.12125340599455041 0.32786885245901637 0.08583106267029973 0.3770491803278688 0.05722070844686648 0.4408014571948998
5 0.9019073569482289 0.46994535519125685 0.8991825613079019 0.5555555555555556 0.9264305177111717 0.5282331511839709 0.9168937329700273 0.4517304189435337 0.896457765667575 0.39526411657559196 0.8746594005449592 0.3551912568306011 0.8569482288828338 0.3296903460837887 0.8841961852861036 0.43897996357012753 0.9019073569482289 0.46994535519125685
11 0.07220708446866485 0.48816029143898 0.08038147138964577 0.546448087431694 0.0885558583106267 0.5683060109289617 0.11035422343324251 0.5919854280510018 0.16348773841961853 0.6120218579234973 0.22479564032697547 0.6284153005464481 0.23841961852861035 0.5919854280510018 0.2329700272479564 0.5519125683060109 0.20299727520435967 0.45901639344262296 0.09809264305177112 0.43169398907103823 0.07356948228882834 0.4517304189435337 0.07220708446866485 0.48816029143898
11 0.7098092643051771 0.581056466302368 0.7384196185286104 0.663023679417122 0.8106267029972752 0.6429872495446266 0.8692098092643051 0.6120218579234973 0.896457765667575 0.5719489981785064 0.896457765667575 0.5154826958105647 0.8937329700272479 0.4681238615664845 0.8801089918256131 0.4335154826958106 0.7384196185286104 0.46265938069216755 0.7098092643051771 0.581056466302368
10 0.23705722070844687 0.5701275045537341 0.22479564032697547 0.6466302367941712 0.4822888283378747 0.6648451730418944 0.7247956403269755 0.6539162112932605 0.7111716621253406 0.5683060109289617 0.7302452316076294 0.46994535519125685 0.49182561307901906 0.5045537340619308 0.20844686648501362 0.46994535519125685 0.23705722070844687 0.5701275045537341
6 0.07493188010899182 0.6903460837887068 0.10626702997275204 0.7540983606557377 0.14168937329700274 0.7996357012750456 0.16212534059945505 0.8087431693989071 0.19754768392370572 0.8287795992714025 0.23705722070844687 0.8542805100182149 0.2970027247956403 0.8688524590163934 0.3637602179836512 0.8852459016393442 0.4141689373297003 0.8852459016393442 0.48501362397820164 0.8870673952641166 0.5395095367847411 0.8834244080145719 0.5940054495912807 0.8779599271402551 0.6457765667574932 0.8743169398907104 0.6852861035422343 0.8688524590163934 0.7111716621253406 0.8561020036429873 0.7588555858310627 0.8506375227686703 0.8024523160762943 0.8269581056466302 0.8433242506811989 0.8032786885245902 0.8692098092643051 0.7814207650273224 0.885558583106267 0.7413479052823315 0.9005449591280654 0.6903460837887068 0.9155313351498637 0.6265938069216758 0.9223433242506812 0.581056466302368 0.9277929155313351 0.5355191256830601 0.9005449591280654 0.5573770491803278 0.8896457765667575 0.5919854280510018 0.8678474114441417 0.6156648451730419 0.8242506811989101 0.6357012750455373 0.784741144414169 0.6520947176684881 0.7520435967302452 0.6612021857923497 0.7397820163487738 0.663023679417122 0.723433242506812 0.6612021857923497 0.7016348773841962 0.6557377049180327 0.6689373297002725 0.6593806921675774 0.23160762942779292 0.6484517304189436 0.22479564032697547 0.6265938069216758 0.164850136239782 0.6102003642987249 0.1008174386920981 0.581056466302368 0.08038147138964577 0.5591985428051002 0.05040871934604905 0.5100182149362478 0.05722070844686648 0.6138433515482696 0.07493188010899182 0.6903460837887068
14 0.2098092643051771 0.16757741347905283 0.18528610354223432 0.1766848816029144 0.18392370572207084 0.20947176684881602 0.2111716621253406 0.22586520947176686 0.22479564032697547 0.21493624772313297 0.2356948228882834 0.19489981785063754 0.23024523160762944 0.16757741347905283 0.2098092643051771 0.16757741347905283
14 0.8160762942779292 0.22950819672131148 0.8188010899182562 0.19672131147540983 0.7997275204359673 0.17486338797814208 0.7670299727520435 0.17122040072859745 0.7629427792915532 0.22404371584699453 0.8160762942779292 0.22950819672131148
17 0.6430517711171662 0.0036429872495446266 0.3446866485013624 0 0.329700272479564 0.025500910746812388 0.6716621253405994 0.029143897996357013 0.6430517711171662 0.0036429872495446266
8 0.12125340599455041 0.7868852459016393 0.1335149863760218 0.8051001821493625 0.15803814713896458 0.8087431693989071 0.14032697547683923 0.7996357012750456 0.11035422343324251 0.7595628415300546 0.12125340599455041 0.7868852459016393
8 0.8079019073569482 0.825136612021858 0.8201634877384196 0.8306010928961749 0.8446866485013624 0.825136612021858 0.8569482288828338 0.8087431693989071 0.8651226158038147 0.7868852459016393 0.8460490463215259 0.8051001821493625 0.8079019073569482 0.825136612021858