19 0.5087108013937283 0.25 0.5679442508710801 0.27525252525252525 0.5818815331010453 0.32575757575757575 0.5975609756097561 0.38636363636363635 0.6184668989547039 0.48737373737373735 0.6376306620209059 0.5050505050505051 0.9111498257839721 0.4595959595959596 0.9285714285714286 0.37373737373737376 0.9303135888501742 0.31565656565656564 0.9181184668989547 0.26262626262626265 0.867595818815331 0.24242424242424243 0.7926829268292683 0.21212121212121213 0.681184668989547 0.20454545454545456 0.4721254355400697 0.2222222222222222 0.5087108013937283 0.25
0 0.37282229965156793 0.5934343434343434 0.3867595818815331 0.6792929292929293 0.43205574912891986 0.7045454545454546 0.4843205574912892 0.7297979797979798 0.5383275261324042 0.7373737373737373 0.6376306620209059 0.7196969696969697 0.7822299651567944 0.6792929292929293 0.8745644599303136 0.6414141414141414 0.9181184668989547 0.6237373737373737 0.9355400696864111 0.5757575757575758 0.9425087108013938 0.5353535353535354 0.9477351916376306 0.48484848484848486 0.9355400696864111 0.4595959595959596 0.9128919860627178 0.4595959595959596 0.6376306620209059 0.5050505050505051 0.5418118466898955 0.5227272727272727 0.4878048780487805 0.5075757575757576 0.4372822299651568 0.5050505050505051 0.35365853658536583 0.494949494949495 0.37282229965156793 0.5934343434343434
1 0.2038327526132404 0.22727272727272727 0.19686411149825783 0.2474747474747475 0.18641114982578397 0.2727272727272727 0.17770034843205576 0.3484848484848485 0.18466898954703834 0.4671717171717172 0.23867595818815332 0.5303030303030303 0.2508710801393728 0.5025252525252525 0.25609756097560976 0.41919191919191917 0.2700348432055749 0.3661616161616162 0.2979094076655052 0.3005050505050505 0.3240418118466899 0.22727272727272727 0.3554006968641115 0.10353535353535354 0.3362369337979094 0.07828282828282829 0.2787456445993031 0.06060606060606061 0.2508710801393728 0.12373737373737374 0.21951219512195122 0.20707070707070707 0.2038327526132404 0.22727272727272727
2 0.2874564459930314 0.43686868686868685 0.27177700348432055 0.48484848484848486 0.2700348432055749 0.547979797979798 0.2735191637630662 0.6262626262626263 0.289198606271777 0.7045454545454546 0.3170731707317073 0.7550505050505051 0.343205574912892 0.7525252525252525 0.3989547038327526 0.7297979797979798 0.41289198606271776 0.6994949494949495 0.3867595818815331 0.6792929292929293 0.3693379790940767 0.5934343434343434 0.3554006968641115 0.51010101010101 0.32926829268292684 0.44191919191919193 0.31010452961672474 0.41919191919191917 0.2874564459930314 0.43686868686868685
7 0.1759581881533101 0.34595959595959597 0.18292682926829268 0.2803030303030303 0.1916376306620209 0.24494949494949494 0.21951219512195122 0.20707070707070707 0.2700348432055749 0.06313131313131314 0.25261324041811845 0.06060606060606061 0.21254355400696864 0.09090909090909091 0.1794425087108014 0.12878787878787878 0.1480836236933798 0.20202020202020202 0.11149825783972125 0.2474747474747475 0.10801393728222997 0.32323232323232326 0.11498257839721254 0.41919191919191917 0.1794425087108014 0.4772727272727273 0.1759581881533101 0.34595959595959597
8 0.078397212543554 0.31313131313131315 0.07491289198606271 0.37373737373737376 0.08013937282229965 0.42676767676767674 0.09233449477351917 0.4595959595959596 0.1132404181184669 0.4671717171717172 0.13066202090592335 0.45454545454545453 0.1132404181184669 0.43686868686868685 0.10801393728222997 0.3813131313131313 0.09930313588850175 0.3282828282828283 0.09059233449477352 0.29292929292929293 0.078397212543554 0.31313131313131315
15 0.37630662020905925 0.2222222222222222 0.3693379790940767 0.23484848484848486 0.32578397212543553 0.23232323232323232 0.3083623693379791 0.2803030303030303 0.2804878048780488 0.3383838383838384 0.25435540069686413 0.42424242424242425 0.2508710801393728 0.5025252525252525 0.24390243902439024 0.5303030303030303 0.26480836236933797 0.5429292929292929 0.26480836236933797 0.47474747474747475 0.2735191637630662 0.4318181818181818 0.29094076655052264 0.40404040404040403 0.32229965156794427 0.41919191919191917 0.34668989547038326 0.49747474747474746 0.4808362369337979 0.5075757575757576 0.5470383275261324 0.5227272727272727 0.632404181184669 0.5050505050505051 0.6184668989547039 0.48484848484848486 0.6027874564459931 0.43434343434343436 0.5574912891986062 0.4318181818181818 0.5278745644599303 0.4318181818181818 0.4878048780487805 0.42424242424242425 0.4547038327526132 0.36363636363636365 0.4616724738675958 0.32323232323232326 0.5818815331010453 0.35353535353535354 0.5627177700348432 0.2777777777777778 0.4721254355400697 0.2196969696969697 0.37630662020905925 0.2222222222222222
5 0.12195121951219512 0.20959595959595959 0.09233449477351917 0.2297979797979798 0.07491289198606271 0.26262626262626265 0.07491289198606271 0.3282828282828283 0.07665505226480836 0.2878787878787879 0.08536585365853659 0.2727272727272727 0.09581881533101046 0.3005050505050505 0.1132404181184669 0.39141414141414144 0.11149825783972125 0.25 0.13937282229965156 0.20959595959595959 0.12195121951219512 0.20959595959595959
16 0.12020905923344948 0.4444444444444444 0.156794425087108 0.47474747474747475 0.259581881533101 0.5606060606060606 0.24390243902439024 0.5303030303030303 0.1794425087108014 0.4722222222222222 0.1132404181184669 0.42424242424242425 0.12020905923344948 0.4444444444444444
17 0.5400696864111498 0.06565656565656566 0.5801393728222997 0.06060606060606061 0.519163763066202 0.03787878787878788 0.4250871080139373 0.03535353535353535 0.3554006968641115 0.04292929292929293 0.30139372822299654 0.047979797979797977 0.2700348432055749 0.050505050505050504 0.3205574912891986 0.07323232323232323 0.3641114982578397 0.10353535353535354 0.41114982578397213 0.09848484848484848 0.47038327526132406 0.07828282828282829 0.5400696864111498 0.06565656565656566
18 0.4547038327526132 0.3661616161616162 0.4895470383275261 0.42424242424242425 0.5121951219512195 0.42676767676767674 0.6114982578397212 0.4318181818181818 0.7020905923344948 0.35353535353535354 0.6428571428571429 0.35353535353535354 0.5801393728222997 0.35353535353535354 0.4616724738675958 0.32575757575757575 0.4547038327526132 0.3661616161616162
18 0.8989547038327527 0.3661616161616162 0.9355400696864111 0.38636363636363635 0.9337979094076655 0.32323232323232326 0.9128919860627178 0.33585858585858586 0.872822299651568 0.3484848484848485 0.8989547038327527 0.3661616161616162
14 0.09930313588850175 0.21464646464646464 0.1132404181184669 0.2196969696969697 0.13066202090592335 0.20959595959595959 0.1480836236933798 0.20707070707070707 0.1480836236933798 0.1919191919191919 0.13414634146341464 0.18434343434343434 0.11846689895470383 0.18434343434343434 0.10452961672473868 0.1919191919191919 0.09930313588850175 0.21464646464646464
4 0.4372822299651568 0.16414141414141414 0.47735191637630664 0.2222222222222222 0.5400696864111498 0.21464646464646464 0.6184668989547039 0.20959595959595959 0.7160278745644599 0.20959595959595959 0.7961672473867596 0.21464646464646464 0.759581881533101 0.18181818181818182 0.7160278745644599 0.13383838383838384 0.6567944250871081 0.09343434343434344 0.6010452961672473 0.06313131313131314 0.5679442508710801 0.06313131313131314 0.47909407665505227 0.07828282828282829 0.4059233449477352 0.09848484848484848 0.4372822299651568 0.16414141414141414
3 0.34146341463414637 0.17424242424242425 0.3344947735191638 0.2222222222222222 0.34494773519163763 0.2222222222222222 0.36585365853658536 0.22474747474747475 0.36585365853658536 0.18434343434343434 0.3554006968641115 0.11868686868686869 0.34146341463414637 0.17424242424242425
15 0.9337979094076655 0.3888888888888889 0.9285714285714286 0.38636363636363635 0.9146341463414634 0.45454545454545453 0.9337979094076655 0.45454545454545453 0.9337979094076655 0.3888888888888889
3 0.2421602787456446 0.17424242424242425 0.23344947735191637 0.20202020202020202 0.3118466898954704 0.21464646464646464 0.32926829268292684 0.12121212121212122 0.3240418118466899 0.1111111111111111 0.3118466898954704 0.10101010101010101 0.29094076655052264 0.09595959595959595 0.2682926829268293 0.09090909090909091 0.2421602787456446 0.17424242424242425
9 0.23519163763066203 0.12878787878787878 0.2229965156794425 0.1388888888888889 0.21254355400696864 0.14898989898989898 0.20034843205574912 0.16414141414141414 0.18466898954703834 0.18686868686868688 0.17421602787456447 0.1994949494949495 0.21254355400696864 0.20454545454545456 0.23519163763066203 0.12878787878787878