13 0.90625 0.5207986688851913 0.905 0.43926788685524126 0.7675 0.4841930116472546 0.775 0.5657237936772047 0.90625 0.5207986688851913
19 0.9225 0.5074875207986689 0.93875 0.47587354409317806 0.94875 0.4043261231281198 0.96 0.34941763727121466 0.90875 0.3261231281198003 0.86 0.30282861896838603 0.81625 0.2911813643926789 0.7975 0.30782029950083195 0.6525 0.32945091514143093 0.5025 0.3427620632279534 0.55625 0.36938435940099834 0.60625 0.389351081530782 0.65875 0.4209650582362729 0.67125 0.4459234608985025 0.6925 0.4891846921797005 0.71375 0.5391014975041597 0.7275 0.5873544093178037 0.77375 0.6056572379367721 0.82875 0.5856905158069884 0.89 0.5590682196339434 0.91375 0.5374376039933444 0.91875 0.5041597337770383 0.9225 0.5074875207986689
18 0.94125 0.46089850249584025 0.93 0.502495840266223 0.94875 0.4875207986688852 0.95875 0.43760399334442596 0.96125 0.40931780366056575 0.955 0.3793677204658902 0.95 0.41098169717138106 0.94125 0.46089850249584025
18 0.5625 0.5091514143094842 0.51625 0.56738768718802 0.59875 0.5956738768718802 0.645 0.5990016638935108 0.68625 0.5923460898502496 0.72375 0.589018302828619 0.71 0.5274542429284526 0.68 0.46755407653910147 0.6625 0.4425956738768719 0.60875 0.45923460898502494 0.5625 0.5091514143094842
0 0.38875 0.5823627287853578 0.41625 0.6572379367720466 0.4325 0.7504159733777038 0.515 0.7720465890183028 0.5975 0.7920133111480865 0.65875 0.7886855241264559 0.76125 0.7587354409317804 0.85625 0.7154742096505824 0.915 0.6672212978369384 0.93125 0.6439267886855241 0.95875 0.5740432612312812 0.965 0.5391014975041597 0.95 0.49417637271214643 0.9275 0.5074875207986689 0.91375 0.5507487520798668 0.7725 0.610648918469218 0.7375 0.5906821963394343 0.6075 0.6006655574043261 0.51375 0.5657237936772047 0.3725 0.5324459234608985 0.38875 0.5823627287853578
15 0.49125 0.33610648918469216 0.37875 0.3410981697171381 0.355 0.3910149750415973 0.315 0.43261231281198004 0.2875 0.4875207986688852 0.27 0.6139767054908486 0.29125 0.6256239600665557 0.2975 0.5207986688851913 0.32875 0.5091514143094842 0.37 0.5307820299500832 0.44375 0.5490848585690515 0.52 0.562396006655574 0.54125 0.5424292845257903 0.605 0.45923460898502494 0.66625 0.4242928452579035 0.49125 0.33610648918469216
20 0.495 0.33943427620632277 0.55875 0.33610648918469216 0.63125 0.3261231281198003 0.7275 0.3194675540765391 0.795 0.30615640599001664 0.80875 0.2911813643926789 0.7675 0.2512479201331115 0.71 0.1896838602329451 0.65125 0.15141430948419302 0.5375 0.15141430948419302 0.41375 0.16139767054908485 0.495 0.33943427620632277
17 0.59875 0.129783693843594 0.56625 0.12479201331114809 0.49125 0.11148086522462562 0.4225 0.10981697171381032 0.345 0.10981697171381032 0.26 0.10981697171381032 0.2125 0.1281198003327787 0.255 0.1264559068219634 0.31125 0.1464226289517471 0.41125 0.15806988352745424 0.5325 0.1497504159733777 0.6425 0.1497504159733777 0.59875 0.129783693843594
3 0.38125 0.34775374376039936 0.3575 0.2096505823627288 0.31375 0.1464226289517471 0.2875 0.13976705490848584 0.25875 0.13311148086522462 0.2075 0.28618968386023297 0.38125 0.34775374376039936
9 0.16625 0.15973377703826955 0.1275 0.21797004991680533 0.12 0.26622296173044924 0.20875 0.2878535773710483 0.25625 0.129783693843594 0.2075 0.1281198003327787 0.16625 0.15973377703826955
2 0.3025 0.5956738768718802 0.305 0.6622296173044925 0.33 0.7454242928452579 0.36125 0.7936772046589018 0.405 0.7920133111480865 0.4325 0.7703826955074875 0.42 0.6821963394342762 0.405 0.6339434276206323 0.38875 0.5773710482529119 0.37375 0.5374376039933444 0.32875 0.519134775374376 0.3075 0.5424292845257903 0.3025 0.5956738768718802
7 0.0875 0.34941763727121466 0.10125 0.40931780366056575 0.11 0.4509151414309484 0.20125 0.5224625623960066 0.18625 0.3527454242928453 0.2075 0.28618968386023297 0.23 0.2113144758735441 0.26125 0.12479201331114809 0.23625 0.1264559068219634 0.2125 0.13311148086522462 0.1925 0.14309484193011648 0.1725 0.16139767054908485 0.155 0.18469217970049917 0.13625 0.2096505823627288 0.1225 0.23294509151414308 0.1225 0.27121464226289516 0.105 0.2762063227953411 0.0875 0.2978369384359401 0.0875 0.34941763727121466
1 0.19125 0.33277870216306155 0.19125 0.4059900166389351 0.20125 0.5241264559068219 0.275 0.5873544093178037 0.2825 0.5224625623960066 0.29125 0.480865224625624 0.30375 0.4425956738768719 0.35 0.39267886855241263 0.37125 0.33777038269550747 0.37375 0.2928452579034942 0.36375 0.23128119800332778 0.345 0.1713810316139767 0.3275 0.1447587354409318 0.30875 0.13311148086522462 0.285 0.12479201331114809 0.26375 0.12479201331114809 0.23375 0.2096505823627288 0.20875 0.2911813643926789 0.19125 0.33277870216306155
5 0.0775 0.2612312811980033 0.0775 0.24792013311148087 0.04625 0.259567387687188 0.0325 0.2978369384359401 0.03625 0.3427620632279534 0.04125 0.30449251247920134 0.05125 0.30782029950083195 0.06125 0.33444259567387685 0.07375 0.389351081530782 0.085 0.43261231281198004 0.11 0.4475873544093178 0.09375 0.36772046589018303 0.08625 0.3161397670549085 0.1025 0.2762063227953411 0.085 0.2762063227953411 0.0775 0.2612312811980033
14 0.075 0.24459234608985025 0.08375 0.27121464226289516 0.11875 0.27121464226289516 0.1225 0.24126455906821964 0.10125 0.22961730449251247 0.075 0.24459234608985025
8 0.0425 0.389351081530782 0.055 0.4509151414309484 0.06375 0.480865224625624 0.08875 0.47920133111480867 0.1075 0.46755407653910147 0.0875 0.454242928452579 0.05625 0.3194675540765391 0.0425 0.34442595673876875 0.0425 0.389351081530782
16 0.11 0.4492512479201331 0.08875 0.43261231281198004 0.0875 0.4492512479201331 0.12375 0.47420965058236275 0.2225 0.5590682196339434 0.2675 0.6089850249584027 0.2725 0.5873544093178037 0.20125 0.5241264559068219 0.11 0.4492512479201331