3 0.6616352201257861 0.31719532554257096 0.6767295597484276 0.31385642737896496 0.7056603773584905 0.3038397328881469 0.730817610062893 0.2988313856427379 0.7509433962264151 0.2888146911519199 0.7660377358490567 0.27879799666110183 0.7647798742138365 0.2704507512520868 0.7610062893081762 0.25375626043405675 0.7534591194968554 0.2270450751252087 0.7509433962264151 0.21035058430717862 0.7433962264150943 0.19365609348914858 0.730817610062893 0.1686143572621035 0.7232704402515723 0.15692821368948248 0.7044025157232704 0.1652754590984975 0.6842767295597484 0.17362270450751252 0.6716981132075471 0.18530884808013356 0.6578616352201258 0.19365609348914858 0.6616352201257861 0.31719532554257096
9 0.7823899371069183 0.27378964941569284 0.8440251572327044 0.25041736227045075 0.8327044025157233 0.22203672787979967 0.8176100628930818 0.19532554257095158 0.7937106918238994 0.1686143572621035 0.7635220125786164 0.15358931552587646 0.7371069182389937 0.15358931552587646 0.7584905660377359 0.1986644407345576 0.7823899371069183 0.27378964941569284
14 0.8540880503144654 0.27378964941569284 0.8616352201257862 0.2637729549248748 0.8666666666666667 0.2654424040066778 0.8805031446540881 0.2687813021702838 0.8867924528301887 0.2621035058430718 0.8905660377358491 0.25542570951585974 0.8880503144654088 0.24373956594323873 0.8805031446540881 0.2353923205342237 0.8666666666666667 0.2287145242070117 0.8553459119496856 0.22370617696160267 0.8515723270440252 0.22537562604340566 0.8477987421383648 0.2337228714524207 0.8477987421383648 0.24707846410684475 0.8490566037735849 0.2570951585976628 0.8477987421383648 0.2637729549248748 0.8440251572327044 0.2671118530884808 0.8490566037735849 0.27545909849749584 0.8540880503144654 0.27378964941569284
2 0.6113207547169811 0.7011686143572621 0.6037735849056604 0.7262103505843072 0.5924528301886792 0.7779632721202003 0.6289308176100629 0.7929883138564274 0.6578616352201258 0.7846410684474123 0.680503144654088 0.7479131886477463 0.6930817610062893 0.7228714524207012 0.7031446540880503 0.6894824707846411 0.7069182389937106 0.6510851419031719 0.7144654088050314 0.6026711185308848 0.7157232704402515 0.5559265442404007 0.6981132075471698 0.5208681135225376 0.6779874213836478 0.5075125208681135 0.6540880503144654 0.5308848080133556 0.630188679245283 0.5859766277128547 0.6113207547169811 0.7011686143572621
8 0.8855345911949686 0.4524207011686144 0.8930817610062893 0.44240400667779634 0.8981132075471698 0.42070116861435725 0.9018867924528302 0.3989983305509182 0.9044025157232705 0.3722871452420701 0.9081761006289308 0.35392320534223703 0.9106918238993711 0.333889816360601 0.9069182389937107 0.32053422370617696 0.9044025157232705 0.3088480801335559 0.9006289308176101 0.3071786310517529 0.8666666666666667 0.4524207011686144 0.8767295597484277 0.4540901502504174 0.8855345911949686 0.4524207011686144
17 0.5823899371069182 0.18864774624373956 0.6012578616352201 0.18864774624373956 0.6729559748427673 0.14023372287145242 0.6993710691823899 0.1335559265442404 0.6088050314465409 0.1285475792988314 0.5383647798742138 0.1352253756260434 0.4779874213836478 0.1419031719532554 0.42515723270440253 0.15025041736227046 0.38238993710691827 0.16193656093489148 0.3635220125786163 0.18530884808013356 0.4427672955974843 0.18196994991652754 0.5823899371069182 0.18864774624373956
4 0.39119496855345914 0.337228714524207 0.4628930817610063 0.34724540901502504 0.5018867924528302 0.35058430717863104 0.5459119496855346 0.28046744574290483 0.5823899371069182 0.21202003338898165 0.5937106918238994 0.19031719532554256 0.46163522012578617 0.18363939899833054 0.3522012578616352 0.18697829716193656 0.2943396226415094 0.2337228714524207 0.22012578616352202 0.3055091819699499 0.29056603773584905 0.32554257095158595 0.39119496855345914 0.337228714524207
19 0.34088050314465407 0.6477462437395659 0.3484276729559748 0.6210350584307178 0.3635220125786163 0.5459098497495827 0.36981132075471695 0.49248747913188645 0.38238993710691827 0.44407345575959933 0.4188679245283019 0.42070116861435725 0.4830188679245283 0.3823038397328882 0.49937106918238994 0.3589315525876461 0.4025157232704403 0.34724540901502504 0.2893081761006289 0.328881469115192 0.2138364779874214 0.3121869782971619 0.16226415094339622 0.335559265442404 0.09182389937106918 0.3672787979966611 0.0930817610062893 0.39232053422370616 0.08679245283018867 0.42237061769616024 0.1119496855345912 0.4557595993322204 0.1119496855345912 0.4774624373956594 0.09056603773584905 0.4774624373956594 0.10943396226415095 0.5409015025041736 0.16981132075471697 0.5876460767946577 0.31572327044025156 0.6444073455759599 0.34088050314465407 0.6477462437395659
0 0.0930817610062893 0.6176961602671118 0.12327044025157233 0.66110183639399 0.16981132075471697 0.6978297161936561 0.24150943396226415 0.7479131886477463 0.34968553459119495 0.7963272120200334 0.4075471698113208 0.8113522537562604 0.4679245283018868 0.8363939899833055 0.539622641509434 0.8163606010016694 0.5874213836477987 0.7762938230383973 0.6226415094339622 0.6043405676126878 0.48427672955974843 0.659432387312187 0.48427672955974843 0.5826377295492488 0.37484276729559746 0.5876460767946577 0.3534591194968553 0.5876460767946577 0.3371069182389937 0.6510851419031719 0.25534591194968553 0.6260434056761269 0.13333333333333333 0.5626043405676127 0.11069182389937107 0.5459098497495827 0.09433962264150944 0.48414023372287146 0.09559748427672957 0.5191986644407346 0.08176100628930817 0.5575959933222037 0.0930817610062893 0.6176961602671118
18 0.36981132075471695 0.5091819699499165 0.35471698113207545 0.5859766277128547 0.410062893081761 0.5893155258764607 0.48050314465408805 0.5776293823038398 0.5018867924528302 0.5475792988313857 0.5106918238993711 0.48247078464106846 0.48050314465408805 0.48747913188647746 0.43647798742138366 0.5058430717863105 0.38238993710691827 0.5091819699499165 0.36981132075471695 0.5091819699499165
3 0.620125786163522 0.34223706176961605 0.6553459119496855 0.32220367278797996 0.6465408805031446 0.20868113522537562 0.620125786163522 0.34223706176961605
15 0.4490566037735849 0.4056761268781302 0.389937106918239 0.44741235392320533 0.3710691823899371 0.5025041736227045 0.4088050314465409 0.5075125208681135 0.4981132075471698 0.4791318864774624 0.5257861635220126 0.4707846410684474 0.48553459119496856 0.5826377295492488 0.4830188679245283 0.657762938230384 0.5584905660377358 0.6260434056761269 0.6163522012578616 0.6043405676126878 0.6276729559748427 0.5759599332220368 0.650314465408805 0.5342237061769616 0.6654088050314465 0.5091819699499165 0.6918238993710691 0.4958263772954925 0.7182389937106918 0.5108514190317195 0.7232704402515723 0.5509181969949917 0.7194968553459119 0.5959933222036727 0.7471698113207547 0.5809682804674458 0.7358490566037735 0.5525876460767947 0.7320754716981132 0.5158597662771286 0.720754716981132 0.4791318864774624 0.7081761006289308 0.44407345575959933 0.6880503144654088 0.4023372287145242 0.6767295597484276 0.3772954924874791 0.670440251572327 0.35058430717863104 0.6654088050314465 0.330550918196995 0.6427672955974842 0.33889816360601 0.6276729559748427 0.35058430717863104 0.6113207547169811 0.35058430717863104 0.5069182389937107 0.35392320534223703 0.48930817610062893 0.3789649415692821 0.4490566037735849 0.4056761268781302
16 0.7345911949685534 0.5993322203672788 0.7459119496855345 0.5843071786310517 0.769811320754717 0.5609348914858097 0.8088050314465409 0.5158597662771286 0.8238993710691824 0.4941569282136895 0.8641509433962264 0.4524207011686144 0.8716981132075472 0.4307178631051753 0.8628930817610063 0.43906510851419034 0.8352201257861636 0.4691151919866444 0.7987421383647799 0.5108514190317195 0.759748427672956 0.5559265442404007 0.7270440251572327 0.5943238731218697 0.7345911949685534 0.5993322203672788
7 0.8138364779874214 0.337228714524207 0.8138364779874214 0.38564273789649417 0.8113207547169812 0.4257095158597663 0.8025157232704403 0.5058430717863105 0.8150943396226416 0.49248747913188645 0.8528301886792453 0.44741235392320533 0.869182389937107 0.4340567612687813 0.8754716981132076 0.4273789649415693 0.879245283018868 0.38898163606010017 0.8842767295597485 0.3606010016694491 0.8830188679245283 0.337228714524207 0.8817610062893082 0.3121869782971619 0.879245283018868 0.27879799666110183 0.8805031446540881 0.2671118530884808 0.8641509433962264 0.2671118530884808 0.8578616352201258 0.27545909849749584 0.8465408805031447 0.27712854757929883 0.8452830188679246 0.2704507512520868 0.8477987421383648 0.2621035058430718 0.8465408805031447 0.25542570951585974 0.8440251572327044 0.2370617696160267 0.8377358490566038 0.22203672787979967 0.8289308176100629 0.20701168614357263 0.8163522012578617 0.18864774624373956 0.8062893081761007 0.17696160267111852 0.7962264150943397 0.1652754590984975 0.7874213836477988 0.15692821368948248 0.7786163522012579 0.15358931552587646 0.7647798742138365 0.14691151919866444 0.7496855345911949 0.14524207011686144 0.7283018867924528 0.14524207011686144 0.7849056603773585 0.28046744574290483 0.8138364779874214 0.337228714524207
1 0.7610062893081762 0.2287145242070117 0.7433962264150943 0.18030050083472454 0.7295597484276729 0.15025041736227046 0.6930817610062893 0.1636060100166945 0.6591194968553459 0.18530884808013356 0.6490566037735849 0.20534223706176963 0.6553459119496855 0.27545909849749584 0.6578616352201258 0.32554257095158595 0.6641509433962264 0.328881469115192 0.6792452830188679 0.3823038397328882 0.6981132075471698 0.4307178631051753 0.7257861635220125 0.48747913188647746 0.7421383647798742 0.5692821368948247 0.8025157232704403 0.5041736227045075 0.8113207547169812 0.4090150250417362 0.8125786163522013 0.337228714524207 0.7849056603773585 0.28046744574290483 0.7610062893081762 0.2287145242070117
13 0.1320754716981132 0.4741235392320534 0.12955974842767295 0.5409015025041736 0.25031446540880503 0.5926544240400667 0.2490566037735849 0.5175292153589316 0.1320754716981132 0.4741235392320534
18 0.25660377358490566 0.5191986644407346 0.28050314465408804 0.5325542570951586 0.3119496855345912 0.5525876460767947 0.3169811320754717 0.5626043405676127 0.3559748427672956 0.5843071786310517 0.35974842767295595 0.5626043405676127 0.3622641509433962 0.5242070116861436 0.3660377358490566 0.5091819699499165 0.2641509433962264 0.5058430717863105 0.25660377358490566 0.5191986644407346
18 0.10566037735849057 0.4774624373956594 0.11069182389937107 0.4707846410684474 0.11069182389937107 0.4540901502504174 0.1018867924528302 0.44240400667779634 0.09433962264150944 0.4340567612687813 0.08553459119496855 0.42070116861435725 0.09056603773584905 0.4741235392320534 0.10566037735849057 0.4774624373956594
5 0.9018867924528302 0.3021702838063439 0.9069182389937107 0.29716193656093487 0.9106918238993711 0.29716193656093487 0.9132075471698113 0.3038397328881469 0.9132075471698113 0.3105175292153589 0.9119496855345912 0.32387312186978295 0.9119496855345912 0.333889816360601 0.9132075471698113 0.33889816360601 0.9157232704402516 0.32053422370617696 0.9157232704402516 0.3005008347245409 0.9132075471698113 0.2871452420701169 0.9106918238993711 0.28046744574290483 0.9044025157232705 0.27212020033388984 0.9018867924528302 0.2637729549248748 0.89937106918239 0.2587646076794658 0.8930817610062893 0.2587646076794658 0.8880503144654088 0.2621035058430718 0.8805031446540881 0.2687813021702838 0.879245283018868 0.27712854757929883 0.8830188679245283 0.34056761268781305 0.8830188679245283 0.3589315525876461 0.879245283018868 0.39232053422370616 0.9018867924528302 0.3021702838063439