2 0.7607655502392344 0.640625 0.7272727272727273 0.6763392857142857 0.7069377990430622 0.7299107142857143 0.6961722488038278 0.7879464285714286 0.6973684210526315 0.8325892857142857 0.7117224880382775 0.8705357142857143 0.7284688995215312 0.9129464285714286 0.7583732057416268 0.9330357142857143 0.7942583732057417 0.9441964285714286 0.8289473684210527 0.9308035714285714 0.8564593301435407 0.8928571428571429 0.8755980861244019 0.8303571428571429 0.8779904306220095 0.7522321428571429 0.8576555023923444 0.6830357142857143 0.812200956937799 0.6361607142857143 0.7607655502392344 0.640625
8 0.1291866028708134 0.6138392857142857 0.1076555023923445 0.6294642857142857 0.09449760765550239 0.65625 0.08492822966507177 0.6919642857142857 0.08014354066985646 0.734375 0.08492822966507177 0.7745535714285714 0.09330143540669857 0.8191964285714286 0.10526315789473684 0.8415178571428571 0.1255980861244019 0.8638392857142857 0.1471291866028708 0.8772321428571429 0.17105263157894737 0.8772321428571429 0.19856459330143542 0.8683035714285714 0.22488038277511962 0.8392857142857143 0.24162679425837322 0.8102678571428571 0.24760765550239233 0.7723214285714286 0.23444976076555024 0.7544642857142857 0.21770334928229665 0.6785714285714286 0.1901913875598086 0.6294642857142857 0.1590909090909091 0.6160714285714286 0.1291866028708134 0.6138392857142857
9 0.2966507177033493 0.3950892857142857 0.30023923444976075 0.4375 0.30980861244019137 0.43973214285714285 0.3456937799043062 0.4330357142857143 0.40311004784689 0.42410714285714285 0.46172248803827753 0.4174107142857143 0.49282296650717705 0.41294642857142855 0.5119617224880383 0.22544642857142858 0.47607655502392343 0.234375 0.43779904306220097 0.23883928571428573 0.4126794258373206 0.24776785714285715 0.37200956937799046 0.2700892857142857 0.33253588516746413 0.3125 0.3038277511961722 0.3482142857142857 0.2966507177033493 0.3950892857142857
7 0.24162679425837322 0.4955357142857143 0.2452153110047847 0.5580357142857143 0.2452153110047847 0.625 0.25239234449760767 0.7098214285714286 0.26555023923444976 0.7589285714285714 0.40311004784689 0.7723214285714286 0.5167464114832536 0.7723214285714286 0.5095693779904307 0.5915178571428571 0.5095693779904307 0.5022321428571429 0.5167464114832536 0.4174107142857143 0.5382775119617225 0.20982142857142858 0.4748803827751196 0.21428571428571427 0.4342105263157895 0.22098214285714285 0.3827751196172249 0.24330357142857142 0.361244019138756 0.26339285714285715 0.33014354066985646 0.29464285714285715 0.29904306220095694 0.3325892857142857 0.2715311004784689 0.375 0.25478468899521534 0.4174107142857143 0.2511961722488038 0.44419642857142855 0.24162679425837322 0.4955357142857143
6 0.056220095693779906 0.7455357142857143 0.04904306220095694 0.7053571428571429 0.05382775119617225 0.6629464285714286 0.06818181818181818 0.6272321428571429 0.08133971291866028 0.5892857142857143 0.07177033492822966 0.546875 0.06698564593301436 0.5200892857142857 0.05143540669856459 0.5133928571428571 0.01674641148325359 0.5803571428571429 0.01674641148325359 0.625 0.01555023923444976 0.6808035714285714 0.023923444976076555 0.7008928571428571 0.04425837320574163 0.7566964285714286 0.0645933014354067 0.7678571428571429 0.056220095693779906 0.7455357142857143
5 0.24760765550239233 0.625 0.24282296650717702 0.5066964285714286 0.25 0.45089285714285715 0.2535885167464115 0.41964285714285715 0.24043062200956938 0.39732142857142855 0.2069377990430622 0.421875 0.1303827751196172 0.42857142857142855 0.08133971291866028 0.44642857142857145 0.03708133971291866 0.4732142857142857 0.03229665071770335 0.49107142857142855 0.05382775119617225 0.4888392857142857 0.05741626794258373 0.5044642857142857 0.06818181818181818 0.5290178571428571 0.07894736842105263 0.5848214285714286 0.1076555023923445 0.5825892857142857 0.13875598086124402 0.5848214285714286 0.17105263157894737 0.5982142857142857 0.19497607655502391 0.625 0.22129186602870812 0.6986607142857143 0.2332535885167464 0.7433035714285714 0.24880382775119617 0.7723214285714286 0.26435406698564595 0.7566964285714286 0.25239234449760767 0.7053571428571429 0.24760765550239233 0.625
11 0.009569377990430622 0.5178571428571429 0.014354066985645933 0.5736607142857143 0.03110047846889952 0.5558035714285714 0.05502392344497608 0.5133928571428571 0.05143540669856459 0.49330357142857145 0.02033492822966507 0.484375 0.009569377990430622 0.5178571428571429
13 0.013157894736842105 0.6741071428571429 0.022727272727272728 0.6986607142857143 0.025119617224880382 0.6473214285714286 0.01674641148325359 0.625 0.013157894736842105 0.6741071428571429
17 0.4473684210526316 0.20535714285714285 0.4784688995215311 0.20089285714285715 0.5490430622009569 0.20089285714285715 0.6208133971291866 0.19866071428571427 0.7655502392344498 0.21651785714285715 0.8038277511961722 0.21428571428571427 0.7930622009569378 0.20089285714285715 0.7727272727272727 0.18303571428571427 0.7356459330143541 0.17633928571428573 0.6913875598086124 0.17857142857142858 0.6543062200956937 0.17410714285714285 0.6279904306220095 0.17410714285714285 0.5849282296650717 0.16964285714285715 0.5418660287081339 0.171875 0.4964114832535885 0.17410714285714285 0.4605263157894737 0.18080357142857142 0.4473684210526316 0.20535714285714285
16 0.2822966507177033 0.78125 0.35645933014354064 0.7834821428571429 0.4700956937799043 0.7924107142857143 0.6638755980861244 0.7991071428571429 0.6782296650717703 0.7901785714285714 0.6758373205741627 0.7767857142857143 0.5167464114832536 0.7745535714285714 0.43301435406698563 0.7745535714285714 0.39832535885167464 0.7700892857142857 0.26555023923444976 0.7522321428571429 0.25239234449760767 0.7700892857142857 0.2822966507177033 0.78125
12 0.21770334928229665 0.36607142857142855 0.19976076555023922 0.36830357142857145 0.17703349282296652 0.37276785714285715 0.1519138755980861 0.38169642857142855 0.1291866028708134 0.390625 0.10526315789473684 0.40625 0.08492822966507177 0.41964285714285715 0.06220095693779904 0.43526785714285715 0.03827751196172249 0.453125 0.028708133971291867 0.47767857142857145 0.04784688995215311 0.4642857142857143 0.0861244019138756 0.4419642857142857 0.12200956937799043 0.4330357142857143 0.16985645933014354 0.421875 0.21052631578947367 0.41964285714285715 0.21770334928229665 0.40848214285714285 0.19736842105263158 0.39955357142857145 0.22009569377990432 0.3794642857142857 0.23205741626794257 0.36607142857142855 0.21770334928229665 0.36607142857142855
4 0.8624401913875598 0.29464285714285715 0.8875598086124402 0.35714285714285715 0.9066985645933014 0.38169642857142855 0.9186602870813397 0.375 0.854066985645933 0.24553571428571427 0.8480861244019139 0.25892857142857145 0.8624401913875598 0.29464285714285715
3 0.7200956937799043 0.24776785714285715 0.7559808612440191 0.39732142857142855 0.8169856459330144 0.390625 0.8145933014354066 0.36607142857142855 0.8014354066985646 0.3325892857142857 0.7619617224880383 0.265625 0.7416267942583732 0.2544642857142857 0.7200956937799043 0.24776785714285715
1 0.5107655502392344 0.48214285714285715 0.5119617224880383 0.59375 0.5179425837320574 0.7745535714285714 0.6734449760765551 0.7745535714285714 0.6830143540669856 0.6919642857142857 0.7069377990430622 0.6294642857142857 0.7332535885167464 0.6004464285714286 0.7440191387559809 0.5691964285714286 0.7631578947368421 0.453125 0.7559808612440191 0.39955357142857145 0.7165071770334929 0.24553571428571427 0.7093301435406698 0.22767857142857142 0.6949760765550239 0.22098214285714285 0.6052631578947368 0.21205357142857142 0.5394736842105263 0.20982142857142858 0.5203349282296651 0.4174107142857143 0.5107655502392344 0.48214285714285715
0 0.9246411483253588 0.5267857142857143 0.9150717703349283 0.5736607142857143 0.895933014354067 0.6004464285714286 0.8779904306220095 0.5982142857142857 0.8696172248803827 0.6183035714285714 0.8648325358851675 0.625 0.8851674641148325 0.6674107142857143 0.8935406698564593 0.7366071428571429 0.8935406698564593 0.7991071428571429 0.90311004784689 0.8169642857142857 0.9318181818181818 0.7946428571428571 0.9461722488038278 0.7522321428571429 0.9545454545454546 0.703125 0.9617224880382775 0.65625 0.9617224880382775 0.6116071428571429 0.9497607655502392 0.5602678571428571 0.9449760765550239 0.5223214285714286 0.930622009569378 0.5133928571428571 0.9246411483253588 0.5267857142857143
18 0.9174641148325359 0.4955357142857143 0.9246411483253588 0.5089285714285714 0.9461722488038278 0.5267857142857143 0.9521531100478469 0.46205357142857145 0.937799043062201 0.41964285714285715 0.9102870813397129 0.42410714285714285 0.8935406698564593 0.4263392857142857 0.8875598086124402 0.43526785714285715 0.8935406698564593 0.46205357142857145 0.9174641148325359 0.4955357142857143
19 0.8923444976076556 0.39285714285714285 0.9114832535885168 0.42410714285714285 0.9366028708133971 0.41964285714285715 0.9342105263157895 0.40401785714285715 0.9210526315789473 0.38169642857142855 0.9066985645933014 0.37723214285714285 0.8875598086124402 0.35044642857142855 0.8648325358851675 0.30357142857142855 0.84688995215311 0.2611607142857143 0.8528708133971292 0.23883928571428573 0.8576555023923444 0.23214285714285715 0.8576555023923444 0.21875 0.8492822966507177 0.21428571428571427 0.8253588516746412 0.20758928571428573 0.8014354066985646 0.203125 0.8169856459330144 0.22991071428571427 0.8923444976076556 0.39285714285714285
14 0.2631578947368421 0.4174107142857143 0.2631578947368421 0.4419642857142857 0.2799043062200957 0.43973214285714285 0.2894736842105263 0.43973214285714285 0.2942583732057416 0.42857142857142855 0.2966507177033493 0.39955357142857145 0.29545454545454547 0.36830357142857145 0.284688995215311 0.36830357142857145 0.27631578947368424 0.38392857142857145 0.2631578947368421 0.4174107142857143
15 0.7188995215311005 0.6183035714285714 0.7033492822966507 0.6428571428571429 0.6854066985645934 0.6875 0.6746411483253588 0.7723214285714286 0.6842105263157895 0.7834821428571429 0.6889952153110048 0.75 0.6949760765550239 0.7165178571428571 0.7021531100478469 0.6875 0.7093301435406698 0.6607142857142857 0.7248803827751196 0.6361607142857143 0.75 0.6138392857142857 0.7870813397129187 0.6049107142857143 0.8265550239234449 0.6049107142857143 0.8648325358851675 0.6227678571428571 0.8708133971291866 0.6183035714285714 0.8791866028708134 0.5959821428571429 0.8971291866028708 0.6004464285714286 0.916267942583732 0.5714285714285714 0.9270334928229665 0.5178571428571429 0.9150717703349283 0.4955357142857143 0.8947368421052632 0.4642857142857143 0.8863636363636364 0.4330357142857143 0.9019138755980861 0.4174107142857143 0.8744019138755981 0.36830357142857145 0.8169856459330144 0.37276785714285715 0.8145933014354066 0.3861607142857143 0.7559808612440191 0.40401785714285715 0.7631578947368421 0.45982142857142855 0.7464114832535885 0.5580357142857143 0.7344497607655502 0.5982142857142857 0.7188995215311005 0.6183035714285714
3 0.5610047846889952 0.22544642857142858 0.5586124401913876 0.23214285714285715 0.5466507177033493 0.40625 0.7141148325358851 0.390625 0.7177033492822966 0.34598214285714285 0.715311004784689 0.3236607142857143 0.7117224880382775 0.3013392857142857 0.6973684210526315 0.23883928571428573 0.5610047846889952 0.22544642857142858