1 0.10975609756097561 0.4057971014492754 0.1132404181184669 0.42995169082125606 0.13240418118466898 0.4758454106280193 0.15331010452961671 0.5483091787439613 0.21602787456445993 0.572463768115942 0.21777003484320556 0.5603864734299517 0.21428571428571427 0.5144927536231884 0.21080139372822299 0.45169082125603865 0.20905923344947736 0.4082125603864734 0.21428571428571427 0.3719806763285024 0.2229965156794425 0.3164251207729469 0.23344947735191637 0.24879227053140096 0.21777003484320556 0.24879227053140096 0.1672473867595819 0.26811594202898553 0.13588850174216027 0.30434782608695654 0.1254355400696864 0.3502415458937198 0.10975609756097561 0.4057971014492754
2 0.10627177700348432 0.45410628019323673 0.09930313588850175 0.47101449275362317 0.09233449477351917 0.5 0.09930313588850175 0.5410628019323671 0.10627177700348432 0.5748792270531401 0.12195121951219512 0.6038647342995169 0.14111498257839722 0.6038647342995169 0.16376306620209058 0.6038647342995169 0.17247386759581881 0.5748792270531401 0.15853658536585366 0.5603864734299517 0.14285714285714285 0.533816425120773 0.13066202090592335 0.4927536231884058 0.11672473867595819 0.45893719806763283 0.10627177700348432 0.45410628019323673
6 0.5679442508710801 0.6352657004830918 0.5888501742160279 0.7028985507246377 0.5958188153310104 0.751207729468599 0.6428571428571429 0.7536231884057971 0.6846689895470384 0.748792270531401 0.7578397212543554 0.748792270531401 0.8327526132404182 0.7439613526570048 0.8745644599303136 0.7101449275362319 0.9059233449477352 0.6739130434782609 0.9250871080139372 0.6304347826086957 0.9285714285714286 0.5748792270531401 0.9250871080139372 0.5265700483091788 0.9163763066202091 0.48792270531400966 0.8989547038327527 0.45410628019323673 0.8972125435540069 0.4806763285024155 0.8972125435540069 0.5072463768115942 0.8954703832752613 0.538647342995169 0.8693379790940766 0.5603864734299517 0.837979094076655 0.5652173913043478 0.7839721254355401 0.5072463768115942 0.764808362369338 0.5193236714975845 0.7996515679442509 0.5821256038647343 0.764808362369338 0.5821256038647343 0.681184668989547 0.5797101449275363 0.6062717770034843 0.5700483091787439 0.5487804878048781 0.5893719806763285 0.5679442508710801 0.6352657004830918
7 0.23170731707317074 0.2753623188405797 0.2229965156794425 0.3188405797101449 0.21254355400696864 0.4106280193236715 0.21254355400696864 0.4927536231884058 0.22125435540069685 0.5797101449275363 0.3885017421602787 0.642512077294686 0.3902439024390244 0.5869565217391305 0.38153310104529614 0.5024154589371981 0.3867595818815331 0.4178743961352657 0.3623693379790941 0.3526570048309179 0.3083623693379791 0.2608695652173913 0.27526132404181186 0.24396135265700483 0.24041811846689895 0.2463768115942029 0.23170731707317074 0.2753623188405797
8 0.4355400696864111 0.5821256038647343 0.42334494773519166 0.6352657004830918 0.43031358885017423 0.7028985507246377 0.4634146341463415 0.7705314009661836 0.49477351916376305 0.8019323671497585 0.5348432055749129 0.8115942028985508 0.5714285714285714 0.7922705314009661 0.5905923344947736 0.7560386473429952 0.5871080139372822 0.7028985507246377 0.5679442508710801 0.6545893719806763 0.5557491289198606 0.6135265700483091 0.5435540069686411 0.5845410628019324 0.5139372822299652 0.5603864734299517 0.48257839721254353 0.5483091787439613 0.4529616724738676 0.5531400966183575 0.4355400696864111 0.5821256038647343
20 0.5400696864111498 0.3647342995169082 0.6010452961672473 0.34541062801932365 0.6341463414634146 0.3357487922705314 0.5592334494773519 0.2753623188405797 0.5209059233449478 0.2463768115942029 0.4878048780487805 0.2318840579710145 0.367595818815331 0.24396135265700483 0.32752613240418116 0.25120772946859904 0.3623693379790941 0.3115942028985507 0.3989547038327526 0.3695652173913043 0.42160278745644597 0.391304347826087 0.47038327526132406 0.37922705314009664 0.5400696864111498 0.3647342995169082
11 0.5592334494773519 0.4855072463768116 0.578397212543554 0.5120772946859904 0.6132404181184669 0.5676328502415459 0.681184668989547 0.5797101449275363 0.7996515679442509 0.5869565217391305 0.764808362369338 0.5193236714975845 0.7369337979094077 0.5144927536231884 0.6968641114982579 0.5048309178743962 0.6358885017421603 0.4855072463768116 0.5714285714285714 0.47342995169082125 0.5592334494773519 0.4855072463768116
14 0.2857142857142857 0.4057971014492754 0.3083623693379791 0.4082125603864734 0.3397212543554007 0.4082125603864734 0.34668989547038326 0.3864734299516908 0.3327526132404181 0.35990338164251207 0.2961672473867596 0.35990338164251207 0.27526132404181186 0.3671497584541063 0.2857142857142857 0.4057971014492754
17 0.4442508710801394 0.21739130434782608 0.3519163763066202 0.21256038647342995 0.29094076655052264 0.21739130434782608 0.2421602787456446 0.2246376811594203 0.20905923344947736 0.23429951690821257 0.24738675958188153 0.23429951690821257 0.29965156794425085 0.2318840579710145 0.3310104529616725 0.25120772946859904 0.4930313588850174 0.2318840579710145 0.4442508710801394 0.21739130434782608
12 0.8693379790940766 0.46859903381642515 0.8815331010452961 0.45410628019323673 0.8797909407665505 0.4227053140096618 0.8501742160278746 0.391304347826087 0.7874564459930313 0.36231884057971014 0.7142857142857143 0.34057971014492755 0.6794425087108014 0.33816425120772947 0.6428571428571429 0.3285024154589372 0.5905923344947736 0.34782608695652173 0.5104529616724739 0.3743961352657005 0.4564459930313589 0.391304347826087 0.5487804878048781 0.41304347826086957 0.6306620209059234 0.42995169082125606 0.6916376306620209 0.4492753623188406 0.7317073170731707 0.46859903381642515 0.7682926829268293 0.5096618357487923 0.8205574912891986 0.4927536231884058 0.8693379790940766 0.46859903381642515
5 0.38501742160278746 0.4396135265700483 0.38153310104529614 0.5048309178743962 0.3885017421602787 0.5772946859903382 0.3902439024390244 0.644927536231884 0.4059233449477352 0.642512077294686 0.40418118466898956 0.5966183574879227 0.41289198606271776 0.5628019323671497 0.43205574912891986 0.538647342995169 0.45121951219512196 0.5289855072463768 0.48257839721254353 0.5265700483091788 0.519163763066202 0.5483091787439613 0.5505226480836237 0.5893719806763285 0.6097560975609756 0.5676328502415459 0.5888501742160279 0.5289855072463768 0.5662020905923345 0.4975845410628019 0.5574912891986062 0.4782608695652174 0.5749128919860628 0.46859903381642515 0.6254355400696864 0.4855072463768116 0.6986062717770035 0.5024154589371981 0.7630662020905923 0.5193236714975845 0.764808362369338 0.5072463768115942 0.7264808362369338 0.4758454106280193 0.6707317073170732 0.45410628019323673 0.5801393728222997 0.4251207729468599 0.4616724738675958 0.3961352657004831 0.4146341463414634 0.3888888888888889 0.38153310104529614 0.39855072463768115 0.38501742160278746 0.4396135265700483
15 0.10627177700348432 0.34057971014492755 0.08362369337979095 0.34782608695652173 0.07142857142857142 0.3647342995169082 0.078397212543554 0.37922705314009664 0.06445993031358885 0.4082125603864734 0.06445993031358885 0.45410628019323673 0.08710801393728224 0.4613526570048309 0.09407665505226481 0.4420289855072464 0.10627177700348432 0.4420289855072464 0.12020905923344948 0.46618357487922707 0.13937282229965156 0.5193236714975845 0.14634146341463414 0.5314009661835749 0.13414634146341464 0.4830917874396135 0.1132404181184669 0.4323671497584541 0.10975609756097561 0.4033816425120773 0.12195121951219512 0.3526570048309179 0.10627177700348432 0.34057971014492755
11 0.06968641114982578 0.3695652173913043 0.06445993031358885 0.37922705314009664 0.06445993031358885 0.4082125603864734 0.07665505226480836 0.37681159420289856 0.06968641114982578 0.3695652173913043
16 0.15853658536585366 0.5628019323671497 0.17421602787456447 0.5748792270531401 0.2264808362369338 0.5966183574879227 0.39547038327526135 0.6666666666666666 0.4024390243902439 0.6594202898550725 0.40418118466898956 0.642512077294686 0.3867595818815331 0.644927536231884 0.34843205574912894 0.6280193236714976 0.21951219512195122 0.5797101449275363 0.15331010452961671 0.5483091787439613 0.15853658536585366 0.5628019323671497
0 0.06620209059233449 0.46618357487922707 0.06968641114982578 0.4806763285024155 0.07665505226480836 0.49516908212560384 0.08536585365853659 0.5193236714975845 0.09581881533101046 0.5434782608695652 0.08885017421602788 0.5217391304347826 0.08536585365853659 0.5048309178743962 0.08188153310104529 0.48792270531400966 0.08362369337979095 0.4613526570048309 0.06620209059233449 0.45652173913043476 0.06620209059233449 0.46618357487922707
3 0.21951219512195122 0.30434782608695654 0.22822299651567945 0.2560386473429952 0.21428571428571427 0.2584541062801932 0.20034843205574912 0.2608695652173913 0.18118466898954705 0.26811594202898553 0.1672473867595819 0.2753623188405797 0.16202090592334495 0.2971014492753623 0.156794425087108 0.3309178743961353 0.15505226480836237 0.3502415458937198 0.1794425087108014 0.357487922705314 0.21080139372822299 0.36231884057971014 0.21951219512195122 0.30434782608695654
3 0.13763066202090593 0.30676328502415456 0.13414634146341464 0.34541062801932365 0.14982578397212543 0.34541062801932365 0.15853658536585366 0.28502415458937197 0.1480836236933798 0.2946859903381642 0.13763066202090593 0.30676328502415456
9 0.27526132404181186 0.3647342995169082 0.28222996515679444 0.35990338164251207 0.29094076655052264 0.357487922705314 0.3118466898954704 0.35507246376811596 0.32926829268292684 0.35507246376811596 0.33797909407665505 0.35990338164251207 0.34494773519163763 0.3719806763285024 0.3519163763066202 0.3743961352657005 0.34494773519163763 0.35990338164251207 0.33797909407665505 0.34057971014492755 0.32578397212543553 0.3140096618357488 0.3153310104529617 0.2946859903381642 0.29965156794425085 0.27053140096618356 0.2857142857142857 0.2608695652173913 0.2682926829268293 0.2536231884057971 0.24390243902439024 0.25120772946859904 0.24041811846689895 0.2632850241545894 0.23693379790940766 0.28502415458937197 0.23344947735191637 0.3140096618357488 0.23170731707317074 0.3671497584541063 0.27526132404181186 0.37922705314009664 0.27526132404181186 0.3647342995169082