9 0.2979591836734694 0.39204545454545453 0.30612244897959184 0.375 0.32789115646258504 0.36363636363636365 0.3469387755102041 0.36363636363636365 0.3727891156462585 0.3939393939393939 0.3782312925170068 0.32954545454545453 0.3564625850340136 0.2935606060606061 0.32789115646258504 0.2537878787878788 0.2925170068027211 0.23106060606060605 0.254421768707483 0.21401515151515152 0.23265306122448978 0.36742424242424243 0.2979591836734694 0.39204545454545453
9 0.4340136054421769 0.44886363636363635 0.39727891156462586 0.35984848484848486 0.3904761904761905 0.3731060606060606 0.39319727891156464 0.42992424242424243 0.4340136054421769 0.44886363636363635
8 0.40680272108843535 0.7329545454545454 0.4095238095238095 0.7556818181818182 0.41496598639455784 0.7859848484848485 0.4204081632653061 0.8200757575757576 0.4326530612244898 0.8390151515151515 0.4421768707482993 0.8598484848484849 0.45170068027210886 0.8731060606060606 0.46530612244897956 0.8863636363636364 0.48435374149659866 0.8977272727272727 0.4993197278911565 0.8977272727272727 0.5156462585034014 0.8958333333333334 0.5333333333333333 0.8901515151515151 0.5510204081632653 0.8806818181818182 0.564625850340136 0.8598484848484849 0.5687074829931973 0.8314393939393939 0.5687074829931973 0.7973484848484849 0.5605442176870749 0.7632575757575758 0.5496598639455782 0.7272727272727273 0.5428571428571428 0.7083333333333334 0.5251700680272109 0.6761363636363636 0.5006802721088436 0.6439393939393939 0.45850340136054424 0.6306818181818182 0.42585034013605444 0.6590909090909091 0.4095238095238095 0.7064393939393939 0.40680272108843535 0.7329545454545454
6 0.8965986394557823 0.6382575757575758 0.8802721088435375 0.6704545454545454 0.85578231292517 0.6647727272727273 0.8367346938775511 0.6363636363636364 0.8285714285714286 0.6212121212121212 0.817687074829932 0.6212121212121212 0.7863945578231293 0.6401515151515151 0.8027210884353742 0.6590909090909091 0.8081632653061225 0.678030303030303 0.782312925170068 0.6931818181818182 0.745578231292517 0.6988636363636364 0.7115646258503401 0.6950757575757576 0.6585034013605442 0.6761363636363636 0.6027210884353742 0.6231060606060606 0.5197278911564626 0.6647727272727273 0.5510204081632653 0.7083333333333334 0.5605442176870749 0.7537878787878788 0.5768707482993197 0.8106060606060606 0.5850340136054422 0.865530303030303 0.6081632653061224 0.8825757575757576 0.6353741496598639 0.8958333333333334 0.6884353741496598 0.8996212121212122 0.7238095238095238 0.8996212121212122 0.7755102040816326 0.8882575757575758 0.8258503401360544 0.8598484848484849 0.8530612244897959 0.8390151515151515 0.8761904761904762 0.8087121212121212 0.8979591836734694 0.7727272727272727 0.9074829931972789 0.740530303030303 0.9142857142857143 0.7102272727272727 0.9197278911564626 0.6893939393939394 0.9210884353741496 0.6458333333333334 0.9210884353741496 0.6060606060606061 0.9102040816326531 0.571969696969697 0.8993197278911564 0.5454545454545454 0.8857142857142857 0.5549242424242424 0.8965986394557823 0.6041666666666666 0.8965986394557823 0.6382575757575758
10 0.8476190476190476 0.6553030303030303 0.8761904761904762 0.6742424242424242 0.8979591836734694 0.6306818181818182 0.891156462585034 0.5795454545454546 0.8666666666666667 0.5378787878787878 0.8108843537414966 0.5871212121212122 0.8476190476190476 0.6553030303030303
13 0.9183673469387755 0.6950757575757576 0.9210884353741496 0.6496212121212122 0.8612244897959184 0.7234848484848485 0.8598639455782313 0.759469696969697 0.9183673469387755 0.6950757575757576
11 0.6435374149659864 0.6628787878787878 0.689795918367347 0.6875 0.7646258503401361 0.6988636363636364 0.8040816326530612 0.6704545454545454 0.780952380952381 0.6382575757575758 0.7482993197278912 0.6117424242424242 0.6938775510204082 0.5965909090909091 0.6081632653061224 0.6231060606060606 0.6435374149659864 0.6628787878787878
14 0.3414965986394558 0.36174242424242425 0.31564625850340133 0.36742424242424243 0.3020408163265306 0.38257575757575757 0.3006802721088435 0.4090909090909091 0.3224489795918367 0.42234848484848486 0.3510204081632653 0.42045454545454547 0.37142857142857144 0.4185606060606061 0.3727891156462585 0.3977272727272727 0.3551020408163265 0.375 0.3414965986394558 0.36174242424242425
20 0.4340136054421769 0.3522727272727273 0.46938775510204084 0.3996212121212121 0.508843537414966 0.4185606060606061 0.5551020408163265 0.42234848484848486 0.6285714285714286 0.4109848484848485 0.6693877551020408 0.3939393939393939 0.6965986394557823 0.3768939393939394 0.6993197278911565 0.3503787878787879 0.6394557823129252 0.2878787878787879 0.5482993197278911 0.2178030303030303 0.35374149659863946 0.22537878787878787 0.4340136054421769 0.3522727272727273
12 0.49387755102040815 0.48674242424242425 0.5687074829931973 0.5170454545454546 0.617687074829932 0.5416666666666666 0.6571428571428571 0.5662878787878788 0.6829931972789116 0.5833333333333334 0.691156462585034 0.5928030303030303 0.7197278911564626 0.6003787878787878 0.7537414965986394 0.6174242424242424 0.7863945578231293 0.6382575757575758 0.8204081632653061 0.6136363636363636 0.8136054421768707 0.5890151515151515 0.8598639455782313 0.5416666666666666 0.8775510204081632 0.5416666666666666 0.8829931972789116 0.5587121212121212 0.8965986394557823 0.5435606060606061 0.8857142857142857 0.5075757575757576 0.8653061224489796 0.48674242424242425 0.8380952380952381 0.45265151515151514 0.8108843537414966 0.42234848484848486 0.7782312925170068 0.4015151515151515 0.7510204081632653 0.38257575757575757 0.7278911564625851 0.36742424242424243 0.710204081632653 0.3541666666666667 0.6965986394557823 0.3787878787878788 0.6693877551020408 0.3958333333333333 0.6408163265306123 0.4109848484848485 0.6136054421768707 0.4166666666666667 0.582312925170068 0.42045454545454547 0.5523809523809524 0.42234848484848486 0.5210884353741496 0.42045454545454547 0.4965986394557823 0.4109848484848485 0.46258503401360546 0.4678030303030303 0.49387755102040815 0.48674242424242425
5 0.4013605442176871 0.740530303030303 0.40272108843537413 0.6837121212121212 0.41768707482993195 0.634469696969697 0.44761904761904764 0.6136363636363636 0.47346938775510206 0.6174242424242424 0.49115646258503404 0.6268939393939394 0.5170068027210885 0.6609848484848485 0.5523809523809524 0.6458333333333334 0.5972789115646259 0.6231060606060606 0.6312925170068027 0.6098484848484849 0.6789115646258503 0.5984848484848485 0.6952380952380952 0.5965909090909091 0.6666666666666666 0.5681818181818182 0.5904761904761905 0.5265151515151515 0.54421768707483 0.5056818181818182 0.48707482993197276 0.48295454545454547 0.4340136054421769 0.4602272727272727 0.40272108843537413 0.44507575757575757 0.38503401360544215 0.45075757575757575 0.38231292517006804 0.7234848484848485 0.4013605442176871 0.740530303030303
7 0.38639455782312926 0.32007575757575757 0.3659863945578231 0.2878787878787879 0.3469387755102041 0.26515151515151514 0.32653061224489793 0.23863636363636365 0.308843537414966 0.22537878787878787 0.291156462585034 0.2159090909090909 0.27755102040816326 0.21212121212121213 0.2571428571428571 0.20833333333333334 0.24081632653061225 0.21022727272727273 0.2163265306122449 0.36174242424242425 0.21904761904761905 0.6079545454545454 0.38095238095238093 0.7159090909090909 0.39319727891156464 0.3352272727272727 0.39183673469387753 0.3371212121212121 0.38639455782312926 0.32007575757575757
2 0.10476190476190476 0.5284090909090909 0.11292517006802721 0.5606060606060606 0.12108843537414966 0.5909090909090909 0.13741496598639455 0.6212121212121212 0.16054421768707483 0.6117424242424242 0.1619047619047619 0.5852272727272727 0.15374149659863945 0.5397727272727273 0.14421768707482993 0.4962121212121212 0.12653061224489795 0.4621212121212121 0.10476190476190476 0.4659090909090909 0.10204081632653061 0.5037878787878788 0.10476190476190476 0.5284090909090909
1 0.21360544217687075 0.20833333333333334 0.16598639455782313 0.2215909090909091 0.1292517006802721 0.35984848484848486 0.12653061224489795 0.4071969696969697 0.1306122448979592 0.4583333333333333 0.14829931972789115 0.5056818181818182 0.16326530612244897 0.5738636363636364 0.2163265306122449 0.6079545454545454 0.21496598639455783 0.35984848484848486 0.23945578231292516 0.21212121212121213 0.21360544217687075 0.20833333333333334
3 0.14829931972789115 0.32575757575757575 0.21496598639455783 0.35795454545454547 0.23673469387755103 0.2178030303030303 0.17551020408163265 0.22348484848484848 0.14829931972789115 0.32575757575757575
3 0.1401360544217687 0.23863636363636365 0.12244897959183673 0.2537878787878788 0.12244897959183673 0.29545454545454547 0.13741496598639455 0.32386363636363635 0.1619047619047619 0.22916666666666666 0.1401360544217687 0.23863636363636365
15 0.12789115646258503 0.4318181818181818 0.12653061224489795 0.39204545454545453 0.1401360544217687 0.32954545454545453 0.1306122448979592 0.3162878787878788 0.10340136054421768 0.29924242424242425 0.08843537414965986 0.32575757575757575 0.08299319727891157 0.3693181818181818 0.08843537414965986 0.42803030303030304 0.09251700680272108 0.4734848484848485 0.09659863945578231 0.44886363636363635 0.11428571428571428 0.4412878787878788 0.1292517006802721 0.4621212121212121 0.12789115646258503 0.4318181818181818
17 0.5401360544217687 0.2178030303030303 0.5061224489795918 0.20643939393939395 0.46938775510204084 0.19318181818181818 0.4272108843537415 0.18181818181818182 0.37551020408163266 0.18371212121212122 0.3414965986394558 0.18181818181818182 0.3183673469387755 0.18181818181818182 0.3047619047619048 0.18181818181818182 0.3306122448979592 0.20833333333333334 0.3551020408163265 0.23484848484848486 0.5401360544217687 0.2178030303030303