2 0.8227060653188181 0.4037940379403794 0.8149300155520995 0.4254742547425474 0.7962674961119751 0.5040650406504065 0.7884914463452566 0.5528455284552846 0.776049766718507 0.5962059620596206 0.7589424572317263 0.6476964769647696 0.7433903576982893 0.6720867208672087 0.7558320373250389 0.7100271002710027 0.7791601866251944 0.7344173441734417 0.80248833592535 0.7371273712737128 0.8211508553654744 0.7371273712737128 0.838258164852255 0.7100271002710027 0.8553654743390358 0.6476964769647696 0.8631415241057543 0.5799457994579946 0.8678071539657853 0.4634146341463415 0.8538102643856921 0.4037940379403794 0.8304821150855366 0.3902439024390244 0.8227060653188181 0.4037940379403794
18 0.8475894245723172 0.13821138211382114 0.8506998444790047 0.15176151761517614 0.8522550544323484 0.16531165311653118 0.8553654743390358 0.17615176151761516 0.864696734059098 0.19241192411924118 0.864696734059098 0.21138211382113822 0.8755832037325039 0.21951219512195122 0.8724727838258165 0.1897018970189702 0.8693623639191291 0.15989159891598917 0.8584758942457231 0.13550135501355012 0.8444790046656299 0.12737127371273713 0.8475894245723172 0.13821138211382114
16 0.35769828926905134 0.997289972899729 0.37791601866251945 0.994579945799458 0.40279937791601866 0.978319783197832 0.4401244167962675 0.9295392953929539 0.49922239502332816 0.8672086720867209 0.5660964230171073 0.8021680216802168 0.6547433903576982 0.7317073170731707 0.7573872472783826 0.6422764227642277 0.7713841368584758 0.5907859078590786 0.7527216174183515 0.6097560975609756 0.671850699844479 0.6856368563685636 0.552099533437014 0.7859078590785907 0.4105754276827372 0.9132791327913279 0.36858475894245724 0.9512195121951219 0.35769828926905134 0.997289972899729
15 0.8273716951788491 0.13550135501355012 0.8351477449455676 0.15989159891598917 0.838258164852255 0.1897018970189702 0.8367029548989113 0.23848238482384823 0.8398133748055988 0.3170731707317073 0.838258164852255 0.3604336043360434 0.8444790046656299 0.3523035230352303 0.8584758942457231 0.34688346883468835 0.8740279937791602 0.3712737127371274 0.8755832037325039 0.21680216802168023 0.8662519440124417 0.2140921409214092 0.864696734059098 0.19241192411924118 0.8506998444790047 0.15989159891598917 0.8475894245723172 0.13821138211382114 0.8273716951788491 0.13550135501355012
14 0.42457231726283046 0.056910569105691054 0.4105754276827372 0.0948509485094851 0.3965785381026439 0.16531165311653118 0.38724727838258166 0.23306233062330622 0.401244167962675 0.27371273712737126 0.4152410575427683 0.28184281842818426 0.4370139968895801 0.2682926829268293 0.4618973561430793 0.21680216802168023 0.4758942457231726 0.18157181571815717 0.48989113530326595 0.17615176151761516 0.5101088646967341 0.17073170731707318 0.5318818040435459 0.15989159891598917 0.5567651632970451 0.15447154471544716 0.5645412130637636 0.13821138211382114 0.5707620528771384 0.10840108401084012 0.5567651632970451 0.04336043360433604 0.4307931570762053 0.04065040650406504 0.42457231726283046 0.056910569105691054
9 0.4121306376360809 0.08943089430894309 0.4307931570762053 0.04336043360433604 0.3545878693623639 0.04065040650406504 0.3545878693623639 0.15176151761517614 0.39968895800933124 0.15447154471544716 0.4121306376360809 0.08943089430894309
9 0.5598755832037325 0.06504065040650407 0.5707620528771384 0.10569105691056911 0.5723172628304821 0.11653116531165311 0.5878693623639192 0.11382113821138211 0.5972006220839814 0.1111111111111111 0.609642301710731 0.10840108401084012 0.6376360808709176 0.0975609756097561 0.6360808709175739 0.04065040650406504 0.5583203732503889 0.04065040650406504 0.5598755832037325 0.06504065040650407
8 0.013996889580093312 0.997289972899729 0.30171073094867806 0.997289972899729 0.328149300155521 0.997289972899729 0.3265940902021773 0.9349593495934959 0.3094867807153966 0.8455284552845529 0.25505443234836706 0.7452574525745257 0.18195956454121306 0.6964769647696477 0.10108864696734059 0.6856368563685636 0.017107309486780714 0.7344173441734417 0.013996889580093312 0.997289972899729
7 0.3312597200622084 0.15447154471544716 0.3452566096423017 0.23306233062330622 0.36858475894245724 0.3983739837398374 0.37636080870917576 0.4932249322493225 0.3810264385692068 0.5962059620596206 0.39035769828926903 0.6991869918699187 0.401244167962675 0.8455284552845529 0.4059097978227061 0.9159891598915989 0.4821150855365474 0.8482384823848238 0.5956454121306376 0.7479674796747967 0.6671850699844479 0.6910569105691057 0.671850699844479 0.6558265582655827 0.6780715396578538 0.6233062330623306 0.6796267496111975 0.5989159891598916 0.6811819595645412 0.5636856368563685 0.6811819595645412 0.48509485094850946 0.6827371695178849 0.3821138211382114 0.6842923794712286 0.34688346883468835 0.6905132192846034 0.2682926829268293 0.6889580093312597 0.2086720867208672 0.6656298600311042 0.12195121951219512 0.6609642301710731 0.10298102981029811 0.6594090202177294 0.07859078590785908 0.6594090202177294 0.04336043360433604 0.6376360808709176 0.04065040650406504 0.3514774494556765 0.04336043360433604 0.3265940902021773 0.04065040650406504 0.3312597200622084 0.15447154471544716
3 0.6594090202177294 0.07317073170731707 0.6609642301710731 0.10298102981029811 0.6671850699844479 0.11382113821138211 0.6858475894245724 0.11382113821138211 0.7325038880248833 0.1002710027100271 0.7744945567651633 0.08130081300813008 0.7884914463452566 0.06233062330623306 0.7884914463452566 0.037940379403794036 0.7356143079315708 0.04065040650406504 0.6594090202177294 0.04607046070460705 0.6594090202177294 0.07317073170731707
1 0.6734059097978227 0.15176151761517614 0.687402799377916 0.20596205962059622 0.6905132192846034 0.2682926829268293 0.687402799377916 0.3035230352303523 0.6827371695178849 0.3794037940379404 0.6811819595645412 0.44173441734417346 0.6827371695178849 0.4715447154471545 0.6796267496111975 0.5013550135501355 0.6811819595645412 0.5420054200542005 0.6796267496111975 0.5772357723577236 0.6780715396578538 0.6287262872628726 0.6734059097978227 0.6476964769647696 0.6671850699844479 0.6910569105691057 0.7045101088646968 0.6531165311653117 0.7542768273716952 0.6070460704607046 0.7682737169517885 0.5880758807588076 0.7729393468118196 0.5934959349593496 0.776049766718507 0.5880758807588076 0.7853810264385692 0.5528455284552846 0.8133748055987559 0.4281842818428184 0.838258164852255 0.3685636856368564 0.8413685847589425 0.31978319783197834 0.838258164852255 0.2222222222222222 0.8304821150855366 0.13821138211382114 0.8040435458786936 0.07859078590785908 0.7900466562986003 0.06504065040650407 0.7869362363919129 0.04065040650406504 0.6594090202177294 0.037940379403794036 0.6640746500777605 0.11653116531165311 0.6734059097978227 0.15176151761517614
5 0.06842923794712286 0.13550135501355012 0.04665629860031104 0.17073170731707318 0.013996889580093312 0.18699186991869918 0.015552099533437015 0.7018970189701897 0.10108864696734059 0.6504065040650406 0.18040435458786935 0.6260162601626016 0.28615863141524106 0.6666666666666666 0.3359253499222395 0.7344173441734417 0.3701399688958009 0.8699186991869918 0.37169517884914466 0.94579945799458 0.4059097978227061 0.924119241192412 0.39813374805598756 0.8048780487804879 0.37636080870917576 0.5230352303523035 0.36391912908242613 0.35501355013550134 0.3328149300155521 0.15989159891598917 0.27060653188180406 0.15989159891598917 0.25038880248833595 0.14363143631436315 0.25972006220839816 0.10840108401084012 0.27682737169517885 0.06775067750677506 0.26283048211508553 0.03523035230352303 0.18973561430793157 0.04065040650406504 0.12130637636080871 0.051490514905149054 0.07931570762052877 0.07588075880758807 0.06842923794712286 0.13550135501355012
12 0.017107309486780714 0.08672086720867209 0.017107309486780714 0.1897018970189702 0.03421461897356143 0.18157181571815717 0.05754276827371695 0.15989159891598917 0.07309486780715396 0.11924119241192412 0.07931570762052877 0.08130081300813008 0.017107309486780714 0.08672086720867209