18 0.3508771929824561 0.5841121495327103 0.41228070175438597 0.5817757009345794 0.45789473684210524 0.5373831775700935 0.49298245614035086 0.4953271028037383 0.5087719298245614 0.42757009345794394 0.5105263157894737 0.3598130841121495 0.47017543859649125 0.3574766355140187 0.41578947368421054 0.36682242990654207 0.3543859649122807 0.39953271028037385 0.3298245614035088 0.4672897196261682 0.32456140350877194 0.5654205607476636 0.3508771929824561 0.5841121495327103
1 0.6350877192982456 0.20327102803738317 0.6473684210526316 0.32242990654205606 0.6578947368421053 0.34813084112149534 0.6631578947368421 0.39953271028037385 0.6894736842105263 0.5046728971962616 0.7140350877192982 0.5537383177570093 0.7263157894736842 0.6051401869158879 0.724561403508772 0.6728971962616822 0.7614035087719299 0.6378504672897196 0.7894736842105263 0.6074766355140186 0.7982456140350878 0.5046728971962616 0.8087719298245614 0.4392523364485981 0.8052631578947368 0.34813084112149534 0.7929824561403509 0.31542056074766356 0.7596491228070176 0.21261682242990654 0.7280701754385965 0.13551401869158877 0.6771929824561403 0.14018691588785046 0.6280701754385964 0.14719626168224298 0.6350877192982456 0.20327102803738317
3 0.4543859649122807 0.3644859813084112 0.5350877192982456 0.34813084112149534 0.6456140350877193 0.3341121495327103 0.643859649122807 0.24299065420560748 0.6192982456140351 0.15186915887850466 0.47368421052631576 0.19626168224299065 0.4543859649122807 0.3644859813084112
3 0.6526315789473685 0.32710280373831774 0.7789473684210526 0.3107476635514019 0.756140350877193 0.20327102803738317 0.7368421052631579 0.13317757009345793 0.6894736842105263 0.13317757009345793 0.6280701754385964 0.14719626168224298 0.6456140350877193 0.24766355140186916 0.6526315789473685 0.32710280373831774
9 0.8192982456140351 0.308411214953271 0.8842105263157894 0.3037383177570093 0.8789473684210526 0.25 0.8491228070175438 0.1939252336448598 0.8298245614035088 0.1542056074766355 0.7842105263157895 0.14018691588785046 0.8035087719298246 0.2266355140186916 0.8192982456140351 0.308411214953271
7 0.775438596491228 0.1261682242990654 0.7912280701754386 0.19158878504672897 0.8052631578947368 0.2733644859813084 0.8052631578947368 0.3060747663551402 0.8210526315789474 0.3294392523364486 0.8368421052631579 0.39953271028037385 0.8280701754385965 0.49065420560747663 0.8157894736842105 0.5350467289719626 0.8140350877192982 0.5560747663551402 0.8368421052631579 0.5397196261682243 0.8701754385964913 0.5233644859813084 0.8859649122807017 0.5186915887850467 0.8947368421052632 0.5093457943925234 0.9105263157894737 0.5046728971962616 0.9105263157894737 0.4088785046728972 0.9140350877192982 0.3925233644859813 0.9105263157894737 0.3411214953271028 0.8964912280701754 0.3060747663551402 0.887719298245614 0.26869158878504673 0.8578947368421053 0.18925233644859812 0.8245614035087719 0.14018691588785046 0.7929824561403509 0.12383177570093458 0.775438596491228 0.1261682242990654
5 0.9105263157894737 0.3411214953271028 0.9157894736842105 0.39485981308411217 0.9315789473684211 0.3808411214953271 0.9438596491228071 0.37616822429906543 0.956140350877193 0.4205607476635514 0.956140350877193 0.352803738317757 0.9473684210526315 0.32009345794392524 0.9315789473684211 0.3014018691588785 0.8982456140350877 0.3037383177570093 0.9105263157894737 0.3411214953271028
14 0.9122807017543859 0.3060747663551402 0.9280701754385965 0.3060747663551402 0.9385964912280702 0.2827102803738318 0.9385964912280702 0.26635514018691586 0.9122807017543859 0.2616822429906542 0.8912280701754386 0.26869158878504673 0.887719298245614 0.3014018691588785 0.9122807017543859 0.3060747663551402
8 0.9017543859649123 0.5116822429906542 0.8912280701754386 0.530373831775701 0.8929824561403509 0.5584112149532711 0.9192982456140351 0.5607476635514018 0.9368421052631579 0.5490654205607477 0.9385964912280702 0.5070093457943925 0.9491228070175438 0.441588785046729 0.9473684210526315 0.40420560747663553 0.9350877192982456 0.3901869158878505 0.9210526315789473 0.39485981308411217 0.9105263157894737 0.411214953271028 0.9122807017543859 0.5046728971962616 0.9017543859649123 0.5116822429906542
2 0.5491228070175439 0.780373831775701 0.5350877192982456 0.8317757009345794 0.5403508771929825 0.8714953271028038 0.5385964912280702 0.9065420560747663 0.5491228070175439 0.9252336448598131 0.5684210526315789 0.9369158878504673 0.5982456140350877 0.9485981308411215 0.624561403508772 0.9369158878504673 0.6491228070175439 0.9088785046728972 0.6684210526315789 0.8785046728971962 0.6894736842105263 0.8014018691588785 0.7 0.7336448598130841 0.6947368421052632 0.6822429906542056 0.6807017543859649 0.6308411214953271 0.6543859649122807 0.6004672897196262 0.6263157894736842 0.5981308411214953 0.5877192982456141 0.6425233644859814 0.5596491228070175 0.7266355140186916 0.5491228070175439 0.780373831775701
15 0.5070175438596491 0.4322429906542056 0.5 0.48364485981308414 0.47368421052631576 0.5163551401869159 0.4263157894736842 0.5700934579439252 0.3912280701754386 0.5841121495327103 0.3456140350877193 0.5794392523364486 0.34210526315789475 0.6425233644859814 0.3719298245614035 0.6401869158878505 0.41228070175438597 0.6401869158878505 0.49298245614035086 0.6261682242990654 0.5596491228070175 0.6214953271028038 0.5982456140350877 0.6308411214953271 0.6263157894736842 0.5981308411214953 0.6491228070175439 0.5771028037383178 0.6736842105263158 0.5677570093457944 0.6982456140350877 0.5747663551401869 0.712280701754386 0.5957943925233645 0.7157894736842105 0.6378504672897196 0.7157894736842105 0.6799065420560748 0.724561403508772 0.6705607476635514 0.724561403508772 0.6238317757009346 0.7210526315789474 0.5700934579439252 0.6982456140350877 0.5163551401869159 0.6824561403508772 0.4766355140186916 0.6631578947368421 0.3925233644859813 0.6508771929824562 0.3341121495327103 0.5807017543859649 0.3364485981308411 0.512280701754386 0.3574766355140187 0.5070175438596491 0.4322429906542056
19 0.18596491228070175 0.1705607476635514 0.15789473684210525 0.25 0.11578947368421053 0.31542056074766356 0.0912280701754386 0.36682242990654207 0.07543859649122807 0.4252336448598131 0.08070175438596491 0.5023364485981309 0.09298245614035087 0.5771028037383178 0.13157894736842105 0.6238317757009346 0.21403508771929824 0.6799065420560748 0.30701754385964913 0.7219626168224299 0.33157894736842103 0.6612149532710281 0.34210526315789475 0.5771028037383178 0.32456140350877194 0.5607476635514018 0.33157894736842103 0.49065420560747663 0.3526315789473684 0.39953271028037385 0.3929824561403509 0.37616822429906543 0.45263157894736844 0.36682242990654207 0.4631578947368421 0.2827102803738318 0.47368421052631576 0.20327102803738317 0.47543859649122805 0.15654205607476634 0.45263157894736844 0.1261682242990654 0.3333333333333333 0.12850467289719625 0.22456140350877193 0.14719626168224298 0.18596491228070175 0.1705607476635514
4 0.12631578947368421 0.29205607476635514 0.09298245614035087 0.3644859813084112 0.10877192982456141 0.37616822429906543 0.13859649122807016 0.37616822429906543 0.19649122807017544 0.3808411214953271 0.2719298245614035 0.3925233644859813 0.3526315789473684 0.39953271028037385 0.3929824561403509 0.37616822429906543 0.45087719298245615 0.36682242990654207 0.45964912280701753 0.2967289719626168 0.47192982456140353 0.1985981308411215 0.4263157894736842 0.17523364485981308 0.3736842105263158 0.16822429906542055 0.26842105263157895 0.17289719626168223 0.18771929824561404 0.20093457943925233 0.12631578947368421 0.29205607476635514
0 0.06842105263157895 0.5537383177570093 0.06842105263157895 0.5887850467289719 0.07017543859649122 0.647196261682243 0.07894736842105263 0.6915887850467289 0.10877192982456141 0.7616822429906542 0.19298245614035087 0.8411214953271028 0.2596491228070175 0.9018691588785047 0.3508771929824561 0.9485981308411215 0.40350877192982454 0.9626168224299065 0.5333333333333333 0.9065420560747663 0.5385964912280702 0.8785046728971962 0.5333333333333333 0.8317757009345794 0.5526315789473685 0.7546728971962616 0.5964912280701754 0.6308411214953271 0.5596491228070175 0.616822429906542 0.5140350877192983 0.6191588785046729 0.4473684210526316 0.6378504672897196 0.37719298245614036 0.6448598130841121 0.34035087719298246 0.6425233644859814 0.30701754385964913 0.719626168224299 0.20350877192982456 0.6728971962616822 0.156140350877193 0.633177570093458 0.11228070175438597 0.6051401869158879 0.09298245614035087 0.5677570093457944 0.07894736842105263 0.5327102803738317 0.06842105263157895 0.5537383177570093
17 0.6719298245614035 0.11214953271028037 0.6385964912280702 0.10514018691588785 0.5543859649122806 0.10981308411214953 0.48947368421052634 0.12149532710280374 0.39824561403508774 0.12149532710280374 0.45263157894736844 0.1261682242990654 0.46842105263157896 0.1308411214953271 0.47368421052631576 0.14719626168224298 0.512280701754386 0.1378504672897196 0.6280701754385964 0.11448598130841121 0.6719298245614035 0.11214953271028037
16 0.7157894736842105 0.6799065420560748 0.7070175438596491 0.7149532710280374 0.7596491228070176 0.6518691588785047 0.7964912280701755 0.6144859813084113 0.8245614035087719 0.5841121495327103 0.8631578947368421 0.5514018691588785 0.8982456140350877 0.5210280373831776 0.9 0.5070093457943925 0.875438596491228 0.5233644859813084 0.8280701754385965 0.544392523364486 0.8087719298245614 0.5630841121495327 0.7947368421052632 0.572429906542056 0.7894736842105263 0.6098130841121495 0.7263157894736842 0.6728971962616822 0.7157894736842105 0.6799065420560748