3 0.2631578947368421 0.2459016393442623 0.24385964912280703 0.3185011709601874 0.27017543859649124 0.3185011709601874 0.3280701754385965 0.31381733021077285 0.36666666666666664 0.3044496487119438 0.387719298245614 0.234192037470726 0.37894736842105264 0.18032786885245902 0.3333333333333333 0.17330210772833723 0.2824561403508772 0.17798594847775176 0.2631578947368421 0.2459016393442623
3 0.4017543859649123 0.2927400468384075 0.4263157894736842 0.297423887587822 0.45087719298245615 0.2529274004683841 0.46842105263157896 0.22014051522248243 0.43157894736842106 0.1873536299765808 0.3929824561403509 0.18969555035128804 0.3929824561403509 0.2459016393442623 0.4017543859649123 0.2927400468384075
9 0.22105263157894736 0.3231850117096019 0.22982456140350876 0.2646370023419204 0.25263157894736843 0.17798594847775176 0.22456140350877193 0.1990632318501171 0.18947368421052632 0.23185011709601874 0.15789473684210525 0.27400468384074944 0.14912280701754385 0.3395784543325527 0.22105263157894736 0.3231850117096019
14 0.11228070175438597 0.3044496487119438 0.08947368421052632 0.32084309133489464 0.09298245614035087 0.351288056206089 0.12105263157894737 0.351288056206089 0.14210526315789473 0.34660421545667447 0.13508771929824562 0.30679156908665106 0.11228070175438597 0.3044496487119438
2 0.35789473684210527 0.629976580796253 0.3543859649122807 0.6791569086651054 0.35964912280701755 0.7423887587822015 0.38070175438596493 0.8032786885245902 0.4070175438596491 0.8524590163934426 0.44035087719298244 0.8641686182669789 0.46842105263157896 0.8548009367681498 0.49122807017543857 0.8313817330210773 0.5017543859649123 0.8009367681498829 0.5070175438596491 0.7611241217798594 0.49122807017543857 0.7002341920374707 0.47192982456140353 0.6370023419203747 0.45263157894736844 0.5995316159250585 0.4280701754385965 0.5714285714285714 0.3894736842105263 0.5690866510538641 0.36666666666666664 0.5901639344262295 0.35789473684210527 0.629976580796253
8 0.09298245614035087 0.4309133489461358 0.08947368421052632 0.4379391100702576 0.08771929824561403 0.4566744730679157 0.08947368421052632 0.49414519906323184 0.09473684210526316 0.5269320843091335 0.10350877192982456 0.5550351288056206 0.11228070175438597 0.5784543325526932 0.12456140350877193 0.585480093676815 0.1368421052631579 0.5807962529274004 0.15263157894736842 0.5690866510538641 0.1456140350877193 0.5620608899297423 0.13333333333333333 0.550351288056206 0.13333333333333333 0.5011709601873536 0.13157894736842105 0.468384074941452 0.12456140350877193 0.4496487119437939 0.11403508771929824 0.43559718969555034 0.10175438596491228 0.4238875878220141 0.09298245614035087 0.4309133489461358
1 0.2614035087719298 0.22950819672131148 0.24561403508771928 0.29508196721311475 0.21929824561403508 0.3395784543325527 0.21403508771929824 0.3770491803278688 0.22105263157894736 0.47540983606557374 0.22105263157894736 0.5925058548009368 0.28421052631578947 0.639344262295082 0.3175438596491228 0.6487119437939111 0.3263157894736842 0.5901639344262295 0.3385964912280702 0.5292740046838408 0.3649122807017544 0.4519906323185012 0.37894736842105264 0.4168618266978923 0.38070175438596493 0.3793911007025761 0.38596491228070173 0.3231850117096019 0.3894736842105263 0.3044496487119438 0.387719298245614 0.25526932084309134 0.38596491228070173 0.1686182669789227 0.36140350877192984 0.16159250585480095 0.32105263157894737 0.16159250585480095 0.2824561403508772 0.1686182669789227 0.2614035087719298 0.22950819672131148
7 0.12631578947368421 0.41451990632318503 0.13859649122807016 0.4707259953161593 0.13508771929824562 0.522248243559719 0.15087719298245614 0.5362997658079626 0.1824561403508772 0.5667447306791569 0.21929824561403508 0.5831381733021077 0.21929824561403508 0.550351288056206 0.21929824561403508 0.5128805620608899 0.21228070175438596 0.477751756440281 0.21052631578947367 0.44028103044496486 0.21052631578947367 0.3629976580796253 0.22807017543859648 0.3255269320843091 0.23508771929824562 0.30210772833723654 0.24561403508771928 0.22716627634660422 0.26666666666666666 0.16393442622950818 0.24561403508771928 0.17330210772833723 0.22456140350877193 0.1873536299765808 0.19649122807017544 0.21779859484777517 0.17192982456140352 0.24824355971896955 0.15263157894736842 0.2857142857142857 0.14210526315789473 0.33489461358313816 0.11929824561403508 0.3770491803278688 0.12631578947368421 0.41451990632318503
0 0.4543859649122807 0.6018735362997658 0.4789473684210526 0.639344262295082 0.5 0.7189695550351288 0.512280701754386 0.810304449648712 0.5403508771929825 0.8266978922716628 0.6228070175438597 0.8477751756440282 0.656140350877193 0.8220140515222483 0.6859649122807018 0.8009367681498829 0.7333333333333333 0.7939110070257611 0.7929824561403509 0.775175644028103 0.8578947368421053 0.7330210772833724 0.9070175438596492 0.6932084309133489 0.956140350877193 0.6323185011709602 0.9666666666666667 0.5831381733021077 0.9666666666666667 0.5105386416861827 0.9526315789473684 0.4847775175644028 0.9350877192982456 0.44730679156908665 0.9298245614035088 0.4894613583138173 0.9035087719298246 0.5245901639344263 0.8052631578947368 0.5620608899297423 0.7526315789473684 0.5784543325526932 0.7 0.5456674473067916 0.6263157894736842 0.5409836065573771 0.6017543859649123 0.5386416861826698 0.5473684210526316 0.5433255269320844 0.4631578947368421 0.5362997658079626 0.43859649122807015 0.5550351288056206 0.4543859649122807 0.6018735362997658
4 0.6754385964912281 0.22482435597189696 0.7473684210526316 0.2224824355971897 0.7859649122807018 0.22014051522248243 0.8315789473684211 0.22014051522248243 0.7596491228070176 0.1873536299765808 0.6473684210526316 0.16393442622950818 0.5666666666666667 0.15456674473067916 0.5298245614035088 0.14988290398126464 0.4982456140350877 0.14754098360655737 0.47543859649122805 0.15456674473067916 0.5631578947368421 0.18969555035128804 0.6754385964912281 0.22482435597189696
17 0.39649122807017545 0.1686182669789227 0.43859649122807015 0.18032786885245902 0.48771929824561405 0.1522248243559719 0.45087719298245615 0.1405152224824356 0.3912280701754386 0.13348946135831383 0.3508771929824561 0.13114754098360656 0.3017543859649123 0.14754098360655737 0.2631578947368421 0.1686182669789227 0.3385964912280702 0.1592505854800937 0.39649122807017545 0.1686182669789227
18 0.5649122807017544 0.38173302107728335 0.5754385964912281 0.4309133489461358 0.6052631578947368 0.5011709601873536 0.6280701754385964 0.5480093676814989 0.6631578947368421 0.5409836065573771 0.712280701754386 0.5456674473067916 0.7035087719298245 0.5152224824355972 0.6964912280701754 0.4379391100702576 0.6807017543859649 0.37236533957845436 0.6807017543859649 0.31381733021077285 0.6894736842105263 0.2646370023419204 0.6736842105263158 0.24824355971896955 0.6508771929824562 0.2576112412177986 0.5982456140350877 0.2903981264637002 0.5543859649122806 0.3442622950819672 0.5649122807017544 0.38173302107728335
15 0.38421052631578945 0.34894613583138173 0.3824561403508772 0.41217798594847777 0.35789473684210527 0.47306791569086654 0.3333333333333333 0.5362997658079626 0.3263157894736842 0.6018735362997658 0.32280701754385965 0.639344262295082 0.3385964912280702 0.6463700234192038 0.3385964912280702 0.5878220140515222 0.3543859649122807 0.5386416861826698 0.39473684210526316 0.5292740046838408 0.43333333333333335 0.5644028103044496 0.45614035087719296 0.5292740046838408 0.4842105263157895 0.5362997658079626 0.5368421052631579 0.5409836065573771 0.5929824561403508 0.5480093676814989 0.6140350877192983 0.5292740046838408 0.6070175438596491 0.5105386416861827 0.5859649122807018 0.44028103044496486 0.5543859649122806 0.3583138173302108 0.5578947368421052 0.33021077283372363 0.6105263157894737 0.2903981264637002 0.6701754385964912 0.2505854800936768 0.6473684210526316 0.23653395784543327 0.47017543859649125 0.2224824355971897 0.43508771929824563 0.2786885245901639 0.41403508771929826 0.30679156908665106 0.3894736842105263 0.3091334894613583 0.38421052631578945 0.34894613583138173
16 0.13508771929824562 0.5550351288056206 0.16842105263157894 0.5807962529274004 0.20877192982456141 0.6112412177985949 0.256140350877193 0.6487119437939111 0.3385964912280702 0.7166276346604216 0.34912280701754383 0.7049180327868853 0.356140350877193 0.6791569086651054 0.34210526315789475 0.6487119437939111 0.3192982456140351 0.6463700234192038 0.3105263157894737 0.6533957845433255 0.26666666666666666 0.6182669789227166 0.20877192982456141 0.5878220140515222 0.13859649122807016 0.5269320843091335 0.13508771929824562 0.5550351288056206
5 0.07719298245614035 0.3981264637002342 0.07894736842105263 0.42857142857142855 0.0824561403508772 0.4496487119437939 0.08596491228070176 0.41920374707259955 0.1 0.41217798594847777 0.11929824561403508 0.42857142857142855 0.13333333333333333 0.4496487119437939 0.1280701754385965 0.4215456674473068 0.12280701754385964 0.3911007025761124 0.12105263157894737 0.3747072599531616 0.12631578947368421 0.36065573770491804 0.12105263157894737 0.34192037470725994 0.10526315789473684 0.351288056206089 0.08596491228070176 0.3793911007025761 0.07719298245614035 0.3981264637002342
19 0.6912280701754386 0.2576112412177986 0.6789473684210526 0.32084309133489464 0.6912280701754386 0.4309133489461358 0.7035087719298245 0.5292740046838408 0.7491228070175439 0.5807962529274004 0.8228070175438597 0.5620608899297423 0.8842105263157894 0.5245901639344263 0.9175438596491228 0.5035128805620609 0.9315789473684211 0.48009367681498827 0.9350877192982456 0.4449648711943794 0.9403508771929825 0.4332552693208431 0.9385964912280702 0.40046838407494145 0.9245614035087719 0.32786885245901637 0.9245614035087719 0.30679156908665106 0.9333333333333333 0.2693208430913349 0.9385964912280702 0.24355971896955503 0.9105263157894737 0.2388758782201405 0.8736842105263158 0.234192037470726 0.8245614035087719 0.2154566744730679 0.7157894736842105 0.17330210772833723 0.6017543859649123 0.16627634660421545 0.5473684210526316 0.14988290398126464 0.519298245614035 0.1522248243559719 0.49122807017543857 0.15690866510538642 0.5982456140350877 0.2107728337236534 0.6912280701754386 0.2576112412177986