18 0.9891975308641975 0.2727272727272727 0.9737654320987654 0.2603305785123967 0.9737654320987654 0.27892561983471076 0.9799382716049383 0.29132231404958675 0.9830246913580247 0.30578512396694213 0.9876543209876543 0.3140495867768595 0.9891975308641975 0.2727272727272727
2 0.9320987654320988 0.5826446280991735 0.9459876543209876 0.5599173553719008 0.9521604938271605 0.5351239669421488 0.9583333333333334 0.5 0.9660493827160493 0.45867768595041325 0.9645061728395061 0.4318181818181818 0.9583333333333334 0.4152892561983471 0.9506172839506173 0.40702479338842973 0.9398148148148148 0.4132231404958678 0.9166666666666666 0.4607438016528926 0.904320987654321 0.49586776859504134 0.8966049382716049 0.5413223140495868 0.8888888888888888 0.5599173553719008 0.8657407407407407 0.5702479338842975 0.8657407407407407 0.5805785123966942 0.8935185185185185 0.5950413223140496 0.9182098765432098 0.5950413223140496 0.9320987654320988 0.5826446280991735
3 0.9305555555555556 0.17355371900826447 0.9058641975308642 0.16115702479338842 0.9305555555555556 0.26239669421487605 0.9490740740740741 0.22933884297520662 0.9305555555555556 0.17355371900826447
3 0.9104938271604939 0.20454545454545456 0.8966049382716049 0.15289256198347106 0.845679012345679 0.15289256198347106 0.8580246913580247 0.3119834710743802 0.9243827160493827 0.26859504132231404 0.9104938271604939 0.20454545454545456
1 0.8641975308641975 0.365702479338843 0.8611111111111112 0.40082644628099173 0.8379629629629629 0.5537190082644629 0.8333333333333334 0.5764462809917356 0.8935185185185185 0.5433884297520661 0.9135802469135802 0.45867768595041325 0.9537037037037037 0.3822314049586777 0.9552469135802469 0.3615702479338843 0.9537037037037037 0.30785123966942146 0.9367283950617284 0.2892561983471074 0.9320987654320988 0.2665289256198347 0.8996913580246914 0.1446280991735537 0.8364197530864198 0.1446280991735537 0.8441358024691358 0.19008264462809918 0.845679012345679 0.2190082644628099 0.8472222222222222 0.26859504132231404 0.8472222222222222 0.3202479338842975 0.8641975308641975 0.365702479338843
14 0.7345679012345679 0.3760330578512397 0.7422839506172839 0.3822314049586777 0.7916666666666666 0.38636363636363635 0.8101851851851852 0.38016528925619836 0.8179012345679012 0.371900826446281 0.816358024691358 0.33884297520661155 0.7993827160493827 0.3181818181818182 0.7808641975308642 0.30785123966942146 0.7623456790123457 0.3037190082644628 0.75 0.30991735537190085 0.7361111111111112 0.32644628099173556 0.7299382716049383 0.3512396694214876 0.7283950617283951 0.2809917355371901 0.6959876543209876 0.371900826446281 0.7129629629629629 0.378099173553719 0.7345679012345679 0.3760330578512397
9 0.8364197530864198 0.23760330578512398 0.8302469135802469 0.15289256198347106 0.8132716049382716 0.15702479338842976 0.7947530864197531 0.16115702479338842 0.779320987654321 0.17148760330578514 0.7685185185185185 0.18181818181818182 0.7469135802469136 0.22107438016528927 0.7283950617283951 0.2727272727272727 0.7299382716049383 0.34917355371900827 0.7376543209876543 0.3243801652892562 0.7577160493827161 0.3037190082644628 0.7808641975308642 0.30785123966942146 0.8009259259259259 0.3202479338842975 0.8132716049382716 0.3367768595041322 0.8364197530864198 0.32231404958677684 0.8364197530864198 0.23760330578512398
7 0.6820987654320988 0.390495867768595 0.6851851851851852 0.42768595041322316 0.691358024691358 0.45661157024793386 0.6882716049382716 0.512396694214876 0.6651234567901234 0.7024793388429752 0.7777777777777778 0.621900826446281 0.8302469135802469 0.5826446280991735 0.8379629629629629 0.5557851239669421 0.8611111111111112 0.40289256198347106 0.8641975308641975 0.36363636363636365 0.8472222222222222 0.3181818181818182 0.8472222222222222 0.26239669421487605 0.8441358024691358 0.18801652892561985 0.8364197530864198 0.14256198347107438 0.7916666666666666 0.15082644628099173 0.779320987654321 0.15702479338842976 0.7608024691358025 0.17148760330578514 0.7453703703703703 0.19834710743801653 0.683641975308642 0.371900826446281 0.6820987654320988 0.390495867768595
5 0.4799382716049383 0.6466942148760331 0.49691358024691357 0.6342975206611571 0.5246913580246914 0.6115702479338843 0.5694444444444444 0.5826446280991735 0.5910493827160493 0.5764462809917356 0.6111111111111112 0.5805785123966942 0.625 0.5991735537190083 0.6419753086419753 0.6549586776859504 0.6435185185185185 0.7128099173553719 0.6651234567901234 0.7004132231404959 0.6882716049382716 0.5165289256198347 0.691358024691358 0.45454545454545453 0.6851851851851852 0.4297520661157025 0.6820987654320988 0.39462809917355374 0.683641975308642 0.371900826446281 0.6882716049382716 0.3512396694214876 0.6635802469135802 0.3367768595041322 0.6435185185185185 0.365702479338843 0.6311728395061729 0.38636363636363635 0.5987654320987654 0.4090909090909091 0.5462962962962963 0.4380165289256198 0.4737654320987654 0.4793388429752066 0.4012345679012346 0.53099173553719 0.3472222222222222 0.5723140495867769 0.3317901234567901 0.5909090909090909 0.3966049382716049 0.5826446280991735 0.4228395061728395 0.5826446280991735 0.4398148148148148 0.609504132231405 0.39814814814814814 0.6652892561983471 0.470679012345679 0.6714876033057852 0.4799382716049383 0.6466942148760331
8 0.5555555555555556 0.9421487603305785 0.5756172839506173 0.8946280991735537 0.5910493827160493 0.8099173553719008 0.5941358024691358 0.7169421487603306 0.5910493827160493 0.6632231404958677 0.5802469135802469 0.6260330578512396 0.566358024691358 0.6136363636363636 0.5401234567901234 0.6363636363636364 0.5154320987654321 0.6549586776859504 0.4799382716049383 0.6859504132231405 0.44753086419753085 0.7355371900826446 0.41975308641975306 0.8078512396694215 0.42592592592592593 0.8636363636363636 0.4382716049382716 0.9276859504132231 0.48302469135802467 0.9586776859504132 0.5308641975308642 0.9669421487603306 0.5555555555555556 0.9421487603305785
16 0.8657407407407407 0.5681818181818182 0.8919753086419753 0.5578512396694215 0.8935185185185185 0.5433884297520661 0.8348765432098766 0.5764462809917356 0.8287037037037037 0.5847107438016529 0.7129629629629629 0.6673553719008265 0.6419753086419753 0.7148760330578512 0.6435185185185185 0.7417355371900827 0.6419753086419753 0.7520661157024794 0.8657407407407407 0.5681818181818182
11 0.19444444444444445 0.6570247933884298 0.2222222222222222 0.6838842975206612 0.29475308641975306 0.7004132231404959 0.33796296296296297 0.7024793388429752 0.3626543209876543 0.6921487603305785 0.39814814814814814 0.6652892561983471 0.4382716049382716 0.609504132231405 0.41975308641975306 0.5826446280991735 0.19444444444444445 0.6053719008264463 0.18055555555555555 0.6322314049586777 0.19444444444444445 0.6570247933884298
11 0.038580246913580245 0.4256198347107438 0.030864197530864196 0.44008264462809915 0.027777777777777776 0.4669421487603306 0.05246913580246913 0.41115702479338845 0.038580246913580245 0.4256198347107438
10 0.16203703703703703 0.6074380165289256 0.14660493827160495 0.5785123966942148 0.1095679012345679 0.5516528925619835 0.08024691358024691 0.5351239669421488 0.06172839506172839 0.5413223140495868 0.05246913580246913 0.5619834710743802 0.047839506172839504 0.5516528925619835 0.05246913580246913 0.5144628099173554 0.035493827160493825 0.4834710743801653 0.024691358024691357 0.47520661157024796 0.013888888888888888 0.49793388429752067 0.020061728395061727 0.5723140495867769 0.027777777777777776 0.6053719008264463 0.047839506172839504 0.6425619834710744 0.05555555555555555 0.628099173553719 0.06327160493827161 0.6322314049586777 0.07098765432098765 0.6611570247933884 0.09876543209876543 0.6900826446280992 0.12654320987654322 0.7086776859504132 0.15123456790123457 0.6921487603305785 0.16203703703703703 0.6074380165289256
20 0.3595679012345679 0.29958677685950413 0.4089506172839506 0.3181818181818182 0.4845679012345679 0.3367768595041322 0.5833333333333334 0.3615702479338843 0.6450617283950617 0.365702479338843 0.6589506172839507 0.34297520661157027 0.720679012345679 0.1756198347107438 0.5802469135802469 0.15702479338842976 0.5077160493827161 0.1487603305785124 0.4799382716049383 0.15289256198347106 0.3533950617283951 0.28512396694214875 0.3595679012345679 0.29958677685950413
12 0.3317901234567901 0.5867768595041323 0.39351851851851855 0.5351239669421488 0.5015432098765432 0.46487603305785125 0.6311728395061729 0.38636363636363635 0.6404320987654321 0.365702479338843 0.5771604938271605 0.3615702479338843 0.4783950617283951 0.3347107438016529 0.41975308641975306 0.3202479338842975 0.35648148148148145 0.29958677685950413 0.345679012345679 0.29132231404958675 0.3487654320987654 0.27479338842975204 0.3410493827160494 0.2809917355371901 0.24691358024691357 0.30991735537190085 0.14351851851851852 0.3512396694214876 0.10185185185185185 0.3739669421487603 0.06481481481481481 0.39669421487603307 0.05246913580246913 0.4090909090909091 0.023148148148148147 0.4772727272727273 0.030864197530864196 0.47520661157024796 0.035493827160493825 0.48140495867768596 0.04938271604938271 0.5082644628099173 0.05092592592592592 0.5165289256198347 0.047839506172839504 0.5516528925619835 0.05401234567901234 0.5619834710743802 0.06172839506172839 0.5392561983471075 0.08333333333333333 0.5330578512396694 0.12191358024691358 0.5557851239669421 0.15123456790123457 0.5764462809917356 0.16203703703703703 0.6033057851239669 0.3317901234567901 0.5867768595041323
6 0.07098765432098765 0.7789256198347108 0.11419753086419752 0.8347107438016529 0.15123456790123457 0.8698347107438017 0.17592592592592593 0.8822314049586777 0.18364197530864199 0.890495867768595 0.19598765432098766 0.9111570247933884 0.21450617283950618 0.9297520661157025 0.2361111111111111 0.9318181818181818 0.2762345679012346 0.9400826446280992 0.3055555555555556 0.9442148760330579 0.32253086419753085 0.9297520661157025 0.33796296296296297 0.9214876033057852 0.3472222222222222 0.9297520661157025 0.38580246913580246 0.9152892561983471 0.404320987654321 0.9132231404958677 0.4182098765432099 0.8347107438016529 0.42901234567901236 0.7830578512396694 0.4506172839506173 0.7334710743801653 0.4799382716049383 0.6859504132231405 0.5123456790123457 0.6570247933884298 0.5339506172839507 0.6363636363636364 0.5601851851851852 0.6157024793388429 0.5833333333333334 0.5971074380165289 0.6049382716049383 0.5971074380165289 0.6188271604938271 0.6157024793388429 0.6265432098765432 0.6363636363636364 0.6358024691358025 0.6632231404958677 0.6327160493827161 0.7582644628099173 0.6419753086419753 0.756198347107438 0.6435185185185185 0.7148760330578512 0.6419753086419753 0.6528925619834711 0.625 0.6012396694214877 0.6172839506172839 0.5888429752066116 0.6003086419753086 0.5785123966942148 0.5771604938271605 0.5826446280991735 0.5617283950617284 0.5929752066115702 0.5339506172839507 0.6136363636363636 0.5061728395061729 0.6342975206611571 0.4691358024691358 0.6735537190082644 0.3966049382716049 0.6652892561983471 0.37191358024691357 0.6880165289256198 0.35802469135802467 0.6962809917355371 0.33641975308641975 0.7045454545454546 0.2824074074074074 0.6983471074380165 0.2330246913580247 0.6880165289256198 0.2191358024691358 0.6838842975206612 0.19290123456790123 0.6549586776859504 0.17901234567901234 0.6322314049586777 0.19290123456790123 0.6074380165289256 0.19135802469135801 0.6012396694214877 0.16203703703703703 0.6033057851239669 0.16203703703703703 0.6115702479338843 0.15123456790123457 0.6921487603305785 0.12654320987654322 0.7086776859504132 0.09722222222222222 0.6880165289256198 0.07098765432098765 0.6611570247933884 0.06327160493827161 0.6322314049586777 0.05555555555555555 0.628099173553719 0.047839506172839504 0.6425619834710744 0.027777777777777776 0.6033057851239669 0.020061728395061727 0.5743801652892562 0.018518518518518517 0.5537190082644629 0.013888888888888888 0.5743801652892562 0.010802469135802469 0.6033057851239669 0.010802469135802469 0.628099173553719 0.012345679012345678 0.6446280991735537 0.016975308641975308 0.6611570247933884 0.030864197530864196 0.6921487603305785 0.030547641975308643 0.6862152995867769 0.038580246913580245 0.7169421487603306 0.04938271604938271 0.75 0.07098765432098765 0.7789256198347108
17 0.7438271604938271 0.15082644628099173 0.7638888888888888 0.1322314049586777 0.8780864197530864 0.11983471074380166 0.6419753086419753 0.10743801652892562 0.5802469135802469 0.10537190082644628 0.5462962962962963 0.1115702479338843 0.5231481481481481 0.11570247933884298 0.5015432098765432 0.13016528925619836 0.4845679012345679 0.1487603305785124 0.7222222222222222 0.1756198347107438 0.7438271604938271 0.15082644628099173
15 0.9861111111111112 0.3925619834710744 0.9876543209876543 0.365702479338843 0.9876543209876543 0.3140495867768595 0.9830246913580247 0.30578512396694213 0.9799382716049383 0.29132231404958675 0.9737654320987654 0.27892561983471076 0.9737654320987654 0.256198347107438 0.9691358024691358 0.24793388429752067 0.9629629629629629 0.22107438016528927 0.9567901234567902 0.22520661157024793 0.9552469135802469 0.2396694214876033 0.933641975308642 0.2727272727272727 0.9367283950617284 0.2892561983471074 0.9537037037037037 0.30785123966942146 0.9537037037037037 0.384297520661157 0.9521604938271605 0.3925619834710744 0.9629629629629629 0.38636363636363635 0.9691358024691358 0.38636363636363635 0.9722222222222222 0.390495867768595 0.9722222222222222 0.41115702479338845 0.9722222222222222 0.4297520661157025 0.9675925925925926 0.4524793388429752 0.9675925925925926 0.45661157024793386 0.9814814814814815 0.4132231404958678 0.9861111111111112 0.3925619834710744
14 0.39197530864197533 0.22727272727272727 0.3873456790123457 0.22727272727272727 0.38271604938271603 0.22727272727272727 0.37808641975308643 0.23140495867768596 0.375 0.23553719008264462 0.37037037037037035 0.24380165289256198 0.37037037037037035 0.25413223140495866 0.37037037037037035 0.25826446280991733 0.3966049382716049 0.23140495867768596 0.39197530864197533 0.22727272727272727
13 0.09876543209876543 0.7603305785123967 0.09567901234567901 0.7128099173553719 0.027777777777777776 0.6342975206611571 0.030864197530864196 0.6818181818181818 0.09876543209876543 0.7603305785123967