15 0.6662484316185696 0.605 0.6825595984943539 0.6166666666666667 0.6900878293601004 0.6416666666666667 0.6913425345043914 0.7116666666666667 0.7013801756587202 0.6983333333333334 0.7026348808030113 0.6183333333333333 0.6925972396486826 0.6016666666666667 0.6800501882057717 0.59 0.6700125470514429 0.5616666666666666 0.6549560853199499 0.49666666666666665 0.6537013801756587 0.4083333333333333 0.6461731493099122 0.3983333333333333 0.5796737766624843 0.4116666666666667 0.42910915934755334 0.4533333333333333 0.4353826850690088 0.5683333333333334 0.44040150564617314 0.6483333333333333 0.4491844416562108 0.68 0.4629861982434128 0.685 0.589711417816813 0.6766666666666666 0.6386449184441656 0.6133333333333333 0.6662484316185696 0.605
9 0.8732747804265998 0.3566666666666667 0.823086574654956 0.24333333333333335 0.7979924717691342 0.22833333333333333 0.7691342534504392 0.21833333333333332 0.7979924717691342 0.365 0.8732747804265998 0.3566666666666667
3 0.7653701380175659 0.365 0.7440401505646174 0.215 0.6499372647427855 0.21833333333333332 0.6662484316185696 0.38333333333333336 0.7653701380175659 0.365
3 0.6398996235884568 0.38666666666666666 0.6298619824341279 0.225 0.5181932245922208 0.25333333333333335 0.5809284818067754 0.3933333333333333 0.6398996235884568 0.38666666666666666
4 0.13048933500627352 0.24333333333333335 0.11041405269761606 0.28833333333333333 0.08155583437892096 0.375 0.0903387703889586 0.395 0.09912170639899624 0.39166666666666666 0.14178168130489335 0.415 0.23588456712672523 0.465 0.424090338770389 0.45 0.4215809284818068 0.23166666666666666 0.2860727728983689 0.20333333333333334 0.15056461731493098 0.20166666666666666 0.13048933500627352 0.24333333333333335
18 0.4341279799247177 0.5633333333333334 0.424090338770389 0.455 0.3312421580928482 0.46 0.3199498117942284 0.51 0.3124215809284818 0.565 0.4341279799247177 0.5633333333333334
18 0.08030112923462986 0.3616666666666667 0.07026348808030113 0.40166666666666667 0.07151819322459223 0.44 0.0903387703889586 0.4 0.08030112923462986 0.3616666666666667
13 0.19698870765370138 0.59 0.20702634880803011 0.5166666666666667 0.11041405269761606 0.4666666666666667 0.1028858218318695 0.5183333333333333 0.19698870765370138 0.59
19 0.07151819322459223 0.51 0.06148055207026349 0.5216666666666666 0.05520702634880803 0.5333333333333333 0.05520702634880803 0.5483333333333333 0.05897114178168131 0.605 0.06775407779171895 0.6366666666666667 0.09284818067754078 0.685 0.16938519447929737 0.7733333333333333 0.2697616060225847 0.8433333333333334 0.26223337515683814 0.73 0.2973651191969887 0.69 0.3099121706398996 0.5683333333333334 0.24843161856963614 0.54 0.22082810539523212 0.45 0.09284818067754078 0.39666666666666667 0.0740276035131744 0.44166666666666665 0.06398996235884567 0.43833333333333335 0.07151819322459223 0.51
17 0.4215809284818068 0.18166666666666667 0.5997490589711418 0.16833333333333333 0.6938519447929736 0.17166666666666666 0.7076537013801757 0.17333333333333334 0.7151819322459222 0.17 0.5934755332496863 0.15666666666666668 0.4491844416562108 0.15333333333333332 0.3601003764115433 0.14833333333333334 0.27728983688833125 0.155 0.2936010037641154 0.15833333333333333 0.32747804265997493 0.15833333333333333 0.411543287327478 0.17333333333333334 0.4215809284818068 0.18166666666666667
14 0.875784190715182 0.3616666666666667 0.8883312421580929 0.37166666666666665 0.9196988707653702 0.37333333333333335 0.9322459222082811 0.36 0.9272271016311167 0.32 0.8883312421580929 0.315 0.8833124215809285 0.3333333333333333 0.875784190715182 0.3616666666666667
8 0.9008782936010038 0.61 0.918444165621079 0.55 0.93099121706399 0.48833333333333334 0.9272271016311167 0.455 0.9071518193224593 0.4633333333333333 0.8958594730238394 0.49333333333333335 0.8895859473023839 0.5233333333333333 0.8782936010037641 0.5566666666666666 0.863237139272271 0.5533333333333333 0.8594730238393977 0.5733333333333334 0.8569636135508155 0.6133333333333333 0.9008782936010038 0.61
2 0.5771643663739021 0.7016666666666667 0.5508155583437893 0.7683333333333333 0.533249686323714 0.8166666666666667 0.5294855708908407 0.845 0.5106649937264742 0.8566666666666667 0.5018820577164367 0.8716666666666667 0.5131744040150564 0.925 0.5734002509410289 0.9466666666666667 0.5922208281053952 0.945 0.6474278544542033 0.905 0.6649937264742786 0.8533333333333334 0.6875784190715182 0.7333333333333333 0.6813048933500627 0.6566666666666666 0.6524466750313677 0.6166666666666667 0.5984943538268507 0.6633333333333333 0.5771643663739021 0.7016666666666667
0 0.30363864491844417 0.6916666666666667 0.28983688833124216 0.6983333333333334 0.2697616060225847 0.7166666666666667 0.26223337515683814 0.7383333333333333 0.26097867001254704 0.765 0.2697616060225847 0.8433333333333334 0.19573400250941028 0.7966666666666666 0.15934755332496864 0.765 0.12672521957340024 0.725 0.0903387703889586 0.6833333333333333 0.06398996235884567 0.6316666666666667 0.07026348808030113 0.66 0.09284818067754078 0.715 0.11417816813048934 0.7566666666666667 0.1606022584692597 0.82 0.22835633626097868 0.885 0.2823086574654956 0.905 0.35382685069008785 0.93 0.46800501882057716 0.8983333333333333 0.49435382685069007 0.8916666666666667 0.5031367628607277 0.8616666666666667 0.5244667503136763 0.8433333333333334 0.588456712672522 0.6833333333333333 0.44416562107904645 0.675 0.4353826850690088 0.5683333333333334 0.3124215809284818 0.5716666666666667 0.30489335006273527 0.6766666666666666 0.30363864491844417 0.6916666666666667
1 0.6612296110414053 0.515 0.6725219573400251 0.5683333333333334 0.7051442910915935 0.6133333333333333 0.7001254705144291 0.675 0.7816813048933501 0.6133333333333333 0.8005018820577164 0.515 0.8042659974905897 0.41333333333333333 0.7879548306148055 0.36666666666666664 0.7703889585947302 0.275 0.7590966122961104 0.21666666666666667 0.7565872020075283 0.2 0.6549560853199499 0.19166666666666668 0.6386449184441656 0.195 0.6424090338770388 0.2816666666666667 0.64366373902133 0.34833333333333333 0.6486825595984943 0.39 0.6474278544542033 0.39166666666666666 0.6587202007528231 0.475 0.6612296110414053 0.515
7 0.877038895859473 0.33166666666666667 0.8506900878293601 0.275 0.821831869510665 0.22833333333333333 0.794228356336261 0.21333333333333335 0.7578419071518193 0.20333333333333334 0.8005018820577164 0.41 0.8030112923462986 0.5166666666666667 0.7854454203262233 0.5983333333333334 0.8180677540777918 0.5716666666666667 0.8745294855708908 0.5383333333333333 0.8845671267252195 0.49666666666666665 0.8996235884567126 0.4266666666666667 0.8782936010037641 0.355 0.877038895859473 0.33166666666666667
5 0.8858218318695107 0.38166666666666665 0.9008782936010038 0.43333333333333335 0.8870765370138017 0.49 0.875784190715182 0.5366666666666666 0.8670012547051443 0.55 0.877038895859473 0.5483333333333333 0.9008782936010038 0.4816666666666667 0.9121706398996235 0.44666666666666666 0.9272271016311167 0.43 0.9347553324968633 0.43666666666666665 0.9347553324968633 0.48 0.9435382685069009 0.41 0.93099121706399 0.36333333333333334 0.9146800501882058 0.375 0.8845671267252195 0.37 0.8858218318695107 0.38166666666666665
16 0.8657465495608532 0.5516666666666666 0.8657465495608532 0.5433333333333333 0.8042659974905897 0.5883333333333334 0.7716436637390214 0.6133333333333333 0.7289836888331243 0.6533333333333333 0.7026348808030113 0.6716666666666666 0.7013801756587202 0.6983333333333334 0.8657465495608532 0.5516666666666666
19 0.410288582183187 0.17 0.3877038895859473 0.165 0.328732747804266 0.15833333333333333 0.2835633626097867 0.15666666666666668 0.2547051442910916 0.155 0.2107904642409034 0.16 0.178168130489335 0.16166666666666665 0.15683814303638646 0.16666666666666666 0.14052697616060225 0.175 0.13927227101631118 0.185 0.1468005018820577 0.19833333333333333 0.1794228356336261 0.19833333333333333 0.26223337515683814 0.2 0.31493099121706397 0.205 0.4203262233375157 0.225 0.41656210790464243 0.19 0.410288582183187 0.17
18 0.3124215809284818 0.46166666666666667 0.23086574654956085 0.465 0.23462986198243413 0.49 0.24592220828105396 0.5266666666666666 0.2559598494353827 0.5466666666666666 0.2823086574654956 0.5583333333333333 0.3124215809284818 0.5666666666666667 0.3161856963613551 0.5133333333333333 0.3299874529485571 0.4633333333333333 0.3124215809284818 0.46166666666666667