19 0.0967741935483871 0.37454545454545457 0.0880893300248139 0.44181818181818183 0.09925558312655088 0.4909090909090909 0.23325062034739455 0.6163636363636363 0.33002481389578164 0.6672727272727272 0.3436724565756824 0.5236363636363637 0.3746898263027295 0.41818181818181815 0.11166253101736973 0.3 0.0967741935483871 0.37454545454545457
18 0.43300248138957814 0.24 0.4057071960297767 0.3109090909090909 0.3746898263027295 0.4109090909090909 0.3523573200992556 0.5145454545454545 0.34491315136476425 0.5654545454545454 0.38337468982630274 0.5690909090909091 0.4230769230769231 0.5618181818181818 0.4491315136476427 0.5545454545454546 0.4640198511166253 0.5472727272727272 0.47518610421836227 0.509090909090909 0.4851116625310174 0.4672727272727273 0.44168734491315137 0.44545454545454544 0.41811414392059554 0.43454545454545457 0.4032258064516129 0.41818181818181815 0.4205955334987593 0.3327272727272727 0.47518610421836227 0.1781818181818182 0.46153846153846156 0.18545454545454546 0.43300248138957814 0.24
18 0.20595533498759305 0.15272727272727274 0.17245657568238212 0.18545454545454546 0.141439205955335 0.22363636363636363 0.11910669975186104 0.2690909090909091 0.09801488833746898 0.3054545454545455 0.08436724565756824 0.3418181818181818 0.07692307692307693 0.3927272727272727 0.0880893300248139 0.39454545454545453 0.09553349875930521 0.35454545454545455 0.1141439205955335 0.2909090909090909 0.1327543424317618 0.24909090909090909 0.1575682382133995 0.20545454545454545 0.19230769230769232 0.17454545454545456 0.22704714640198512 0.13636363636363635 0.20595533498759305 0.15272727272727274
15 0.543424317617866 0.39454545454545453 0.4913151364764268 0.3563636363636364 0.40818858560794047 0.4254545454545455 0.49627791563275436 0.46545454545454545 0.4739454094292804 0.5527272727272727 0.5620347394540943 0.6381818181818182 0.6153846153846154 0.5818181818181818 0.6476426799007444 0.58 0.6687344913151365 0.6036363636363636 0.6811414392059554 0.6581818181818182 0.6774193548387096 0.7181818181818181 0.6960297766749379 0.7 0.6947890818858561 0.6127272727272727 0.674937965260546 0.5545454545454546 0.6563275434243176 0.5 0.6401985111662531 0.41818181818181815 0.6265508684863523 0.3563636363636364 0.56575682382134 0.39636363636363636 0.5521091811414393 0.39636363636363636 0.543424317617866 0.39454545454545453
16 0.6712158808933002 0.7509090909090909 0.7109181141439206 0.7090909090909091 0.750620347394541 0.6672727272727272 0.8163771712158809 0.6036363636363636 0.8672456575682382 0.5509090909090909 0.8995037220843672 0.5218181818181818 0.9106699751861043 0.49272727272727274 0.8101736972704715 0.5890909090909091 0.6786600496277916 0.7181818181818181 0.6712158808933002 0.7509090909090909
2 0.5719602977667494 0.6272727272727273 0.5409429280397022 0.6709090909090909 0.5210918114143921 0.74 0.4913151364764268 0.8327272727272728 0.47022332506203474 0.8945454545454545 0.4826302729528536 0.9218181818181819 0.5037220843672456 0.9490909090909091 0.5272952853598015 0.9690909090909091 0.5632754342431762 0.9690909090909091 0.5955334987593052 0.94 0.6203473945409429 0.8927272727272727 0.641439205955335 0.8327272727272728 0.6563275434243176 0.7545454545454545 0.6513647642679901 0.6836363636363636 0.6377171215880894 0.6272727272727273 0.6054590570719603 0.6127272727272727 0.5719602977667494 0.6272727272727273
8 0.9392059553349876 0.3836363636363636 0.9267990074441688 0.4309090909090909 0.9156327543424317 0.4818181818181818 0.8970223325062034 0.54 0.9230769230769231 0.5454545454545454 0.9379652605459057 0.5272727272727272 0.9516129032258065 0.4781818181818182 0.9615384615384616 0.42363636363636364 0.9652605459057072 0.3836363636363636 0.9553349875930521 0.35818181818181816 0.9392059553349876 0.3836363636363636
3 0.6253101736972705 0.13636363636363635 0.5843672456575683 0.17454545454545456 0.6352357320099256 0.35454545454545455 0.7357320099255583 0.3181818181818182 0.794044665012407 0.2909090909090909 0.7357320099255583 0.09272727272727273 0.6774193548387096 0.10545454545454545 0.6253101736972705 0.13636363636363635
9 0.7803970223325062 0.24545454545454545 0.7952853598014888 0.2963636363636364 0.8895781637717122 0.26545454545454544 0.8982630272952854 0.23636363636363636 0.9044665012406948 0.21454545454545454 0.9032258064516129 0.19818181818181818 0.8833746898263027 0.1690909090909091 0.8573200992555832 0.14 0.8287841191066998 0.11818181818181818 0.794044665012407 0.09636363636363636 0.7406947890818859 0.09636363636363636 0.7630272952853598 0.1709090909090909 0.7803970223325062 0.24545454545454545
1 0.6501240694789082 0.45454545454545453 0.6612903225806451 0.5163636363636364 0.684863523573201 0.5618181818181818 0.6960297766749379 0.5945454545454546 0.7022332506203474 0.6509090909090909 0.6997518610421837 0.6963636363636364 0.8126550868486352 0.5909090909090909 0.8138957816377171 0.5618181818181818 0.8213399503722084 0.5072727272727273 0.8287841191066998 0.4163636363636364 0.8225806451612904 0.34 0.7977667493796526 0.2872727272727273 0.7915632754342432 0.29454545454545455 0.7667493796526055 0.1890909090909091 0.7344913151364765 0.09272727272727273 0.6947890818858561 0.1 0.6612903225806451 0.11272727272727273 0.6265508684863523 0.13454545454545455 0.5992555831265509 0.15818181818181817 0.5831265508684863 0.17636363636363636 0.6141439205955335 0.2727272727272727 0.6352357320099256 0.3563636363636364 0.6501240694789082 0.45454545454545453
17 0.6674937965260546 0.1 0.7307692307692307 0.0890909090909091 0.7878411910669976 0.09636363636363636 0.8498759305210918 0.11272727272727273 0.8039702233250621 0.08363636363636363 0.7655086848635235 0.07454545454545454 0.7146401985111662 0.06363636363636363 0.674937965260546 0.056363636363636366 0.6129032258064516 0.05818181818181818 0.5483870967741935 0.06 0.46029776674937967 0.06 0.36352357320099254 0.08 0.24069478908188585 0.11818181818181818 0.29280397022332505 0.12363636363636364 0.3523573200992556 0.13818181818181818 0.41563275434243174 0.14727272727272728 0.4826302729528536 0.15818181818181817 0.5856079404466501 0.16545454545454547 0.6674937965260546 0.1
14 0.9255583126550868 0.26 0.9429280397022333 0.26 0.9404466501240695 0.2381818181818182 0.9292803970223326 0.2290909090909091 0.9193548387096774 0.22 0.9007444168734491 0.23636363636363636 0.901985111662531 0.25636363636363635 0.9255583126550868 0.26
5 0.9392059553349876 0.2636363636363636 0.9255583126550868 0.26181818181818184 0.9280397022332506 0.27454545454545454 0.93424317617866 0.28545454545454546 0.93424317617866 0.3381818181818182 0.9255583126550868 0.40545454545454546 0.9168734491315137 0.44181818181818183 0.9106699751861043 0.4690909090909091 0.9119106699751861 0.4909090909090909 0.9193548387096774 0.46 0.9317617866004962 0.4127272727272727 0.9466501240694789 0.36727272727272725 0.9590570719602978 0.34545454545454546 0.9652605459057072 0.33454545454545453 0.9739454094292804 0.33454545454545453 0.966501240694789 0.2872727272727273 0.9602977667493796 0.2672727272727273 0.9478908188585607 0.2545454545454545 0.9392059553349876 0.2636363636363636
4 0.18982630272952852 0.17272727272727273 0.1401985111662531 0.2381818181818182 0.11786600496277916 0.29818181818181816 0.16253101736972705 0.3181818181818182 0.2196029776674938 0.34363636363636363 0.2977667493796526 0.37636363636363634 0.3746898263027295 0.4018181818181818 0.3970223325062035 0.33090909090909093 0.4292803970223325 0.24545454545454545 0.4652605459057072 0.17636363636363636 0.40818858560794047 0.15454545454545454 0.33002481389578164 0.14363636363636365 0.23076923076923078 0.13272727272727272 0.18982630272952852 0.17272727272727273
0 0.06575682382133995 0.4818181818181818 0.05831265508684864 0.52 0.06823821339950373 0.5490909090909091 0.09553349875930521 0.6436363636363637 0.10049627791563276 0.5945454545454546 0.11538461538461539 0.610909090909091 0.15508684863523572 0.649090909090909 0.21339950372208435 0.6890909090909091 0.2022332506203474 0.7509090909090909 0.17990074441687345 0.7254545454545455 0.14516129032258066 0.6963636363636364 0.12158808933002481 0.6654545454545454 0.09801488833746898 0.6581818181818182 0.10918114143920596 0.6981818181818182 0.13771712158808933 0.7363636363636363 0.17990074441687345 0.7854545454545454 0.2456575682382134 0.8418181818181818 0.2816377171215881 0.8763636363636363 0.3337468982630273 0.9018181818181819 0.37965260545905705 0.9018181818181819 0.46898263027295284 0.8927272727272727 0.5136476426799007 0.7527272727272727 0.5607940446650124 0.6381818181818182 0.46774193548387094 0.5527272727272727 0.4044665012406948 0.5727272727272728 0.34491315136476425 0.5672727272727273 0.337468982630273 0.6727272727272727 0.24317617866004962 0.6181818181818182 0.14516129032258066 0.54 0.09057071960297766 0.4763636363636364 0.09057071960297766 0.4 0.07196029776674938 0.39636363636363636 0.06575682382133995 0.4818181818181818
13 0.09801488833746898 0.6472727272727272 0.20347394540942929 0.7509090909090909 0.21339950372208435 0.6909090909090909 0.10049627791563276 0.5963636363636363 0.09801488833746898 0.6472727272727272
7 0.825062034739454 0.34363636363636363 0.8287841191066998 0.39454545454545453 0.826302729528536 0.4709090909090909 0.8138957816377171 0.5436363636363636 0.8138957816377171 0.5836363636363636 0.9094292803970223 0.49272727272727274 0.9094292803970223 0.4727272727272727 0.9255583126550868 0.4072727272727273 0.9267990074441688 0.3890909090909091 0.9330024813895782 0.34 0.93424317617866 0.2909090909090909 0.9267990074441688 0.26545454545454544 0.8957816377171216 0.2636363636363636 0.8933002481389578 0.2545454545454545 0.8945409429280397 0.2309090909090909 0.8995037220843672 0.21454545454545454 0.9081885856079405 0.20727272727272728 0.8771712158808933 0.1618181818181818 0.8560794044665012 0.13818181818181818 0.8399503722084367 0.12545454545454546 0.8225806451612904 0.11090909090909092 0.8052109181141439 0.10363636363636364 0.7841191066997518 0.09636363636363636 0.7741935483870968 0.09454545454545454 0.7481389578163772 0.09272727272727273 0.7766749379652605 0.1618181818181818 0.8027295285359801 0.2545454545454545 0.8089330024813896 0.28 0.8039702233250621 0.2872727272727273 0.825062034739454 0.34363636363636363
3 0.543424317617866 0.24909090909090909 0.5012406947890818 0.3472727272727273 0.5533498759305211 0.37636363636363634 0.5719602977667494 0.3709090909090909 0.6104218362282878 0.35454545454545455 0.6265508684863523 0.34363636363636363 0.5831265508684863 0.19636363636363635 0.543424317617866 0.24909090909090909
6 0.9764267990074442 0.35454545454545455 0.9764267990074442 0.3327272727272727 0.9764267990074442 0.3145454545454546 0.9751861042183623 0.2909090909090909 0.9689826302729528 0.2727272727272727 0.9602977667493796 0.2581818181818182 0.9578163771712159 0.2636363636363636 0.9640198511166254 0.27454545454545454 0.966501240694789 0.2909090909090909 0.9714640198511166 0.30727272727272725 0.9714640198511166 0.32 0.9727047146401985 0.34 0.9739454094292804 0.36 0.9727047146401985 0.38 0.9764267990074442 0.35454545454545455