3 0.837979094076655 0.31786542923433875 0.8327526132404182 0.3039443155452436 0.813588850174216 0.28074245939675174 0.7996515679442509 0.271461716937355 0.7839721254355401 0.26450116009280744 0.7717770034843205 0.26218097447795824 0.7630662020905923 0.26218097447795824 0.7665505226480837 0.27610208816705334 0.7717770034843205 0.29466357308584684 0.7770034843205574 0.3248259860788863 0.7839721254355401 0.3619489559164733 0.837979094076655 0.34106728538283065 0.837979094076655 0.31786542923433875
8 0.5609756097560976 0.8190255220417634 0.5801393728222997 0.8051044083526682 0.5940766550522648 0.7911832946635731 0.6045296167247387 0.7795823665893271 0.6167247386759582 0.7517401392111369 0.627177700348432 0.7192575406032483 0.632404181184669 0.6960556844547564 0.6358885017421603 0.6635730858468677 0.6376306620209059 0.6310904872389791 0.6341463414634146 0.605568445475638 0.6289198606271778 0.5846867749419954 0.6167247386759582 0.5661252900232019 0.6027874564459931 0.5545243619489559 0.5853658536585366 0.5545243619489559 0.5679442508710801 0.5777262180974478 0.554006968641115 0.5986078886310905 0.5452961672473867 0.6241299303944315 0.5278745644599303 0.6774941995359629 0.5174216027874564 0.7540603248259861 0.5104529616724739 0.7888631090487239 0.5069686411149826 0.7911832946635731 0.5383275261324042 0.8190255220417634 0.5609756097560976 0.8190255220417634
0 0.8623693379790941 0.46635730858468677 0.8693379790940766 0.41067285382830626 0.8710801393728222 0.382830626450116 0.867595818815331 0.3851508120649652 0.8623693379790941 0.4176334106728538 0.8623693379790941 0.46635730858468677
10 0.2421602787456446 0.5336426914153132 0.21428571428571427 0.5336426914153132 0.20209059233449478 0.5220417633410673 0.18989547038327526 0.5104408352668214 0.1602787456445993 0.494199535962877 0.15156794425087108 0.494199535962877 0.14111498257839722 0.5127610208816705 0.1445993031358885 0.5197215777262181 0.14634146341463414 0.5406032482598608 0.1480836236933798 0.5545243619489559 0.15331010452961671 0.5661252900232019 0.1602787456445993 0.5754060324825986 0.1672473867595819 0.5846867749419954 0.18815331010452963 0.5962877030162413 0.259581881533101 0.6334106728538283 0.28222996515679444 0.6357308584686775 0.2961672473867596 0.62877030162413 0.313588850174216 0.6125290023201856 0.32229965156794427 0.580046403712297 0.3118466898954704 0.5568445475638051 0.2421602787456446 0.5336426914153132
15 0.8536585365853658 0.419953596287703 0.8606271777003485 0.419953596287703 0.8623693379790941 0.419953596287703 0.8693379790940766 0.38979118329466356 0.867595818815331 0.35498839907192575 0.8571428571428571 0.33642691415313225 0.8414634146341463 0.31554524361948955 0.8432055749128919 0.3433874709976798 0.8466898954703833 0.35962877030162416 0.8501742160278746 0.37587006960556846 0.8501742160278746 0.3874709976798144 0.8501742160278746 0.4060324825986079 0.8414634146341463 0.43155452436194897 0.8275261324041812 0.4779582366589327 0.8153310104529616 0.5243619489559165 0.8170731707317073 0.5359628770301624 0.8484320557491289 0.42923433874709976 0.8536585365853658 0.419953596287703
16 0.6376306620209059 0.691415313225058 0.8170731707317073 0.5382830626450116 0.8153310104529616 0.5243619489559165 0.6411149825783972 0.6635730858468677 0.6376306620209059 0.691415313225058
14 0.43205574912891986 0.3109048723897912 0.41986062717770034 0.3109048723897912 0.40069686411149824 0.3225058004640371 0.397212543554007 0.3433874709976798 0.43205574912891986 0.3109048723897912
7 0.7264808362369338 0.2668213457076566 0.7160278745644599 0.2877030162412993 0.7090592334494773 0.31322505800464034 0.6898954703832753 0.39211136890951276 0.6846689895470384 0.41299303944315546 0.6933797909407665 0.4431554524361949 0.6916376306620209 0.4709976798143852 0.6916376306620209 0.48491879350348027 0.6794425087108014 0.6334106728538283 0.7787456445993032 0.5522041763341067 0.7909407665505227 0.4408352668213457 0.7926829268292683 0.4060324825986079 0.7909407665505227 0.37587006960556846 0.7804878048780488 0.3619489559164733 0.7770034843205574 0.33642691415313225 0.7735191637630662 0.3109048723897912 0.7700348432055749 0.29466357308584684 0.7578397212543554 0.2552204176334107 0.7543554006968641 0.2552204176334107 0.740418118466899 0.25754060324825984 0.7264808362369338 0.2668213457076566
17 0.705574912891986 0.25754060324825984 0.7125435540069687 0.2482598607888631 0.7247386759581882 0.24361948955916474 0.7526132404181185 0.24361948955916474 0.7090592334494773 0.23665893271461716 0.6533101045296167 0.23665893271461716 0.5923344947735192 0.23665893271461716 0.5487804878048781 0.24129930394431554 0.5226480836236934 0.2459396751740139 0.5 0.2552204176334107 0.5662020905923345 0.2552204176334107 0.6376306620209059 0.25754060324825984 0.7003484320557491 0.2668213457076566 0.705574912891986 0.25754060324825984
14 0.6951219512195121 0.38979118329466356 0.6951219512195121 0.4013921113689095 0.710801393728223 0.3990719257540603 0.735191637630662 0.39675174013921116 0.7526132404181185 0.382830626450116 0.7578397212543554 0.3689095127610209 0.7578397212543554 0.3503480278422274 0.7508710801393729 0.345707656612529 0.7264808362369338 0.345707656612529 0.710801393728223 0.3480278422273782 0.7073170731707317 0.35266821345707655 0.705574912891986 0.3619489559164733 0.705574912891986 0.3851508120649652 0.6951219512195121 0.38979118329466356
6 0.13240418118466898 0.5522041763341067 0.13240418118466898 0.5730858468677494 0.13414634146341464 0.5962877030162413 0.13414634146341464 0.6078886310904872 0.14111498257839722 0.6241299303944315 0.13937282229965156 0.6612529002320185 0.16376306620209058 0.6890951276102089 0.22996515679442509 0.7354988399071926 0.343205574912892 0.7935034802784223 0.43031358885017423 0.814385150812065 0.4738675958188153 0.8074245939675174 0.5104529616724739 0.7888631090487239 0.524390243902439 0.7006960556844548 0.5313588850174216 0.6635730858468677 0.5435540069686411 0.6264501160092807 0.5505226480836237 0.6032482598607889 0.5069686411149826 0.5986078886310905 0.4878048780487805 0.6148491879350348 0.45993031358885017 0.62877030162413 0.42334494773519166 0.6334106728538283 0.3832752613240418 0.6310904872389791 0.3588850174216028 0.6310904872389791 0.34146341463414637 0.6148491879350348 0.3118466898954704 0.6148491879350348 0.30313588850174217 0.6218097447795824 0.2874564459930314 0.6334106728538283 0.2804878048780488 0.6357308584686775 0.2735191637630662 0.6357308584686775 0.2613240418118467 0.6334106728538283 0.24390243902439024 0.6264501160092807 0.22822299651567945 0.6194895591647331 0.21080139372822299 0.6102088167053364 0.1916376306620209 0.6009280742459396 0.16550522648083624 0.5846867749419954 0.15331010452961671 0.5707656612529002 0.1480836236933798 0.5591647331786543 0.14634146341463414 0.5406032482598608 0.1445993031358885 0.5243619489559165 0.14111498257839722 0.5150812064965197 0.14111498257839722 0.505800464037123 0.13588850174216027 0.5266821345707656 0.13240418118466898 0.5522041763341067
13 0.16898954703832753 0.654292343387471 0.2229965156794425 0.691415313225058 0.2229965156794425 0.6241299303944315 0.1759581881533101 0.5962877030162413 0.1672473867595819 0.5986078886310905 0.16898954703832753 0.654292343387471
5 0.4616724738675958 0.5475638051044084 0.48257839721254353 0.54292343387471 0.5121951219512195 0.54292343387471 0.5278745644599303 0.5545243619489559 0.5296167247386759 0.5661252900232019 0.5226480836236934 0.580046403712297 0.5069686411149826 0.5986078886310905 0.5313588850174216 0.6009280742459396 0.5505226480836237 0.6032482598607889 0.5609756097560976 0.5870069605568445 0.5818815331010453 0.5568445475638051 0.6027874564459931 0.5382830626450116 0.6184668989547039 0.5359628770301624 0.6341463414634146 0.5475638051044084 0.6428571428571429 0.5661252900232019 0.6463414634146342 0.5916473317865429 0.6480836236933798 0.6194895591647331 0.6428571428571429 0.6635730858468677 0.6794425087108014 0.6334106728538283 0.681184668989547 0.5939675174013921 0.6898954703832753 0.5290023201856149 0.6916376306620209 0.4918793503480278 0.6916376306620209 0.46635730858468677 0.6951219512195121 0.4431554524361949 0.6846689895470384 0.41299303944315546 0.6898954703832753 0.39443155452436196 0.6602787456445993 0.39443155452436196 0.6602787456445993 0.4060324825986079 0.6550522648083623 0.419953596287703 0.6480836236933798 0.42691415313225056 0.6010452961672473 0.45011600928074247 0.5400696864111498 0.4872389791183295 0.4808362369337979 0.5220417633410673 0.45818815331010454 0.54292343387471 0.4616724738675958 0.5475638051044084
5 0.14982578397212543 0.48259860788863107 0.16376306620209058 0.46867749419953597 0.23170731707317074 0.4037122969837587 0.19686411149825783 0.419953596287703 0.16550522648083624 0.4385150812064965 0.14982578397212543 0.4802784222737819 0.14982578397212543 0.48259860788863107
12 0.21951219512195122 0.5197215777262181 0.24041811846689895 0.5220417633410673 0.2700348432055749 0.531322505800464 0.2961672473867596 0.5406032482598608 0.3048780487804878 0.5475638051044084 0.3153310104529617 0.5591647331786543 0.45818815331010454 0.5452436194895591 0.47560975609756095 0.5266821345707656 0.5331010452961672 0.4918793503480278 0.5905923344947736 0.45707656612529 0.6341463414634146 0.43387470997679817 0.6550522648083623 0.419953596287703 0.6602787456445993 0.4060324825986079 0.6602787456445993 0.39443155452436196 0.5801393728222997 0.3851508120649652 0.48257839721254353 0.37122969837587005 0.3902439024390244 0.3503480278422274 0.3519163763066202 0.35730858468677495 0.30313588850174217 0.37122969837587005 0.2682926829268293 0.3851508120649652 0.2229965156794425 0.40835266821345706 0.18641114982578397 0.4431554524361949 0.15331010452961671 0.4802784222737819 0.18466898954703834 0.4988399071925754 0.1986062717770035 0.5104408352668214 0.20209059233449478 0.5220417633410673 0.21080139372822299 0.5290023201856149 0.21951219512195122 0.5197215777262181
2 0.818815331010453 0.5406032482598608 0.794425087108014 0.5568445475638051 0.7996515679442509 0.5661252900232019 0.8083623693379791 0.5707656612529002 0.8344947735191638 0.568445475638051 0.8432055749128919 0.5591647331786543 0.8484320557491289 0.5475638051044084 0.8519163763066202 0.5266821345707656 0.8554006968641115 0.5081206496519721 0.8588850174216028 0.48491879350348027 0.8606271777003485 0.46867749419953597 0.8606271777003485 0.45243619489559167 0.8588850174216028 0.4408352668213457 0.8536585365853658 0.42923433874709976 0.8484320557491289 0.42923433874709976 0.8292682926829268 0.494199535962877 0.818815331010453 0.5406032482598608
11 0.3118466898954704 0.6148491879350348 0.34146341463414637 0.6148491879350348 0.35714285714285715 0.6264501160092807 0.40418118466898956 0.6310904872389791 0.4442508710801394 0.6334106728538283 0.4686411149825784 0.6241299303944315 0.4895470383275261 0.6148491879350348 0.5087108013937283 0.5916473317865429 0.524390243902439 0.5777262180974478 0.5313588850174216 0.5638051044083526 0.5261324041811847 0.5545243619489559 0.5139372822299652 0.54292343387471 0.4930313588850174 0.54292343387471 0.45818815331010454 0.5475638051044084 0.313588850174216 0.5591647331786543 0.3240418118466899 0.580046403712297 0.3118466898954704 0.6148491879350348
1 0.8240418118466899 0.494199535962877 0.8327526132404182 0.4593967517401392 0.8414634146341463 0.42923433874709976 0.8501742160278746 0.40835266821345706 0.8501742160278746 0.3874709976798144 0.8484320557491289 0.3689095127610209 0.8432055749128919 0.3433874709976798 0.8397212543554007 0.31554524361948955 0.8327526132404182 0.29930394431554525 0.813588850174216 0.27610208816705334 0.7996515679442509 0.2668213457076566 0.7874564459930313 0.25986078886310904 0.7735191637630662 0.2552204176334107 0.7578397212543554 0.2552204176334107 0.759581881533101 0.25986078886310904 0.7717770034843205 0.30162412993039445 0.7787456445993032 0.345707656612529 0.7804878048780488 0.3619489559164733 0.7909407665505227 0.37587006960556846 0.7926829268292683 0.4060324825986079 0.7909407665505227 0.4408352668213457 0.7857142857142857 0.4872389791183295 0.7787456445993032 0.5522041763341067 0.813588850174216 0.5266821345707656 0.8240418118466899 0.494199535962877
9 0.7369337979094077 0.2668213457076566 0.7282229965156795 0.27610208816705334 0.7195121951219512 0.2923433874709977 0.7090592334494773 0.33410672853828305 0.6916376306620209 0.4060324825986079 0.7717770034843205 0.3665893271461717 0.7700348432055749 0.3271461716937355 0.7630662020905923 0.2923433874709977 0.7543554006968641 0.26218097447795824 0.7369337979094077 0.2668213457076566
20 0.39372822299651566 0.3503480278422274 0.3989547038327526 0.35266821345707655 0.46689895470383275 0.3665893271461717 0.5418118466898955 0.3805104408352668 0.6602787456445993 0.39211136890951276 0.6637630662020906 0.382830626450116 0.6655052264808362 0.37819025522041766 0.6986062717770035 0.2691415313225058 0.6376306620209059 0.25986078886310904 0.5853658536585366 0.25754060324825984 0.5383275261324042 0.25754060324825984 0.5 0.25754060324825984 0.45993031358885017 0.2900232018561485 0.4094076655052265 0.33874709976798145 0.39372822299651566 0.3503480278422274