7 0.17770034843205576 0.34823529411764703 0.17770034843205576 0.43058823529411766 0.18815331010452963 0.5223529411764706 0.21080139372822299 0.5552941176470588 0.23344947735191637 0.5694117647058824 0.21951219512195122 0.5058823529411764 0.21080139372822299 0.44941176470588234 0.20905923344947736 0.39294117647058824 0.2229965156794425 0.35058823529411764 0.24041811846689895 0.26588235294117646 0.2578397212543554 0.2023529411764706 0.22473867595818817 0.2235294117647059 0.19686411149825783 0.27058823529411763 0.17770034843205576 0.34823529411764703
19 0.524390243902439 0.43058823529411766 0.5592334494773519 0.48705882352941177 0.6393728222996515 0.49411764705882355 0.662020905923345 0.5858823529411765 0.5958188153310104 0.6047058823529412 0.6184668989547039 0.6611764705882353 0.6567944250871081 0.6517647058823529 0.7386759581881533 0.6258823529411764 0.837979094076655 0.5835294117647059 0.8972125435540069 0.5223529411764706 0.8989547038327527 0.4823529411764706 0.872822299651568 0.4988235294117647 0.8797909407665505 0.4164705882352941 0.8972125435540069 0.3835294117647059 0.8867595818815331 0.3411764705882353 0.8066202090592335 0.3129411764705882 0.7578397212543554 0.32 0.5766550522648084 0.3552941176470588 0.44947735191637633 0.3905882352941176 0.524390243902439 0.43058823529411766
1 0.2578397212543554 0.23058823529411765 0.24738675958188153 0.27294117647058824 0.23170731707317074 0.34823529411764703 0.21254355400696864 0.3976470588235294 0.21602787456445993 0.47058823529411764 0.23170731707317074 0.5529411764705883 0.23693379790940766 0.5811764705882353 0.27177700348432055 0.6423529411764706 0.27177700348432055 0.5317647058823529 0.2804878048780488 0.46352941176470586 0.2961672473867596 0.4164705882352941 0.3153310104529617 0.3788235294117647 0.32752613240418116 0.34352941176470586 0.3397212543554007 0.2964705882352941 0.31881533101045295 0.23058823529411765 0.29442508710801396 0.20470588235294118 0.27177700348432055 0.2 0.2578397212543554 0.23058823529411765
2 0.2857142857142857 0.6494117647058824 0.2926829268292683 0.7176470588235294 0.30139372822299654 0.7788235294117647 0.3153310104529617 0.8188235294117647 0.34146341463414637 0.8635294117647059 0.3623693379790941 0.8658823529411764 0.40418118466898956 0.851764705882353 0.39198606271777003 0.8376470588235294 0.3693379790940767 0.7811764705882352 0.3519163763066202 0.7247058823529412 0.3397212543554007 0.668235294117647 0.3240418118466899 0.6211764705882353 0.30662020905923343 0.5741176470588235 0.289198606271777 0.5929411764705882 0.2857142857142857 0.6494117647058824
4 0.7125435540069687 0.3270588235294118 0.794425087108014 0.3129411764705882 0.7195121951219512 0.24235294117647058 0.6445993031358885 0.19294117647058823 0.5418118466898955 0.19058823529411764 0.4355400696864111 0.20470588235294118 0.367595818815331 0.2188235294117647 0.40069686411149824 0.28705882352941176 0.44947735191637633 0.38823529411764707 0.5749128919860628 0.3552941176470588 0.7125435540069687 0.3270588235294118
8 0.14982578397212543 0.41411764705882353 0.15331010452961671 0.4423529411764706 0.15853658536585366 0.49411764705882355 0.16550522648083624 0.5364705882352941 0.18292682926829268 0.548235294117647 0.1916376306620209 0.5364705882352941 0.18292682926829268 0.49176470588235294 0.17421602787456447 0.4329411764705882 0.16376306620209058 0.4023529411764706 0.14982578397212543 0.41411764705882353
14 0.13937282229965156 0.3388235294117647 0.14982578397212543 0.3411764705882353 0.17073170731707318 0.3388235294117647 0.17247386759581881 0.32235294117647056 0.16898954703832753 0.2988235294117647 0.15505226480836237 0.30117647058823527 0.13937282229965156 0.32 0.13937282229965156 0.3388235294117647
15 0.29442508710801396 0.4235294117647059 0.2804878048780488 0.4682352941176471 0.27177700348432055 0.548235294117647 0.2682926829268293 0.6447058823529411 0.2787456445993031 0.6588235294117647 0.27526132404181186 0.5882352941176471 0.2804878048780488 0.5647058823529412 0.29965156794425085 0.5552941176470588 0.3170731707317073 0.5929411764705882 0.33797909407665505 0.6211764705882353 0.3867595818815331 0.6352941176470588 0.44947735191637633 0.6517647058823529 0.47560975609756095 0.6258823529411764 0.43031358885017423 0.5458823529411765 0.4076655052264808 0.49176470588235294 0.42160278745644597 0.4776470588235294 0.5487804878048781 0.48705882352941177 0.519163763066202 0.4329411764705882 0.445993031358885 0.39294117647058824 0.41986062717770034 0.3976470588235294 0.37630662020905925 0.3905882352941176 0.3588850174216028 0.3952941176470588 0.32229965156794427 0.3788235294117647 0.29442508710801396 0.4235294117647059
5 0.16550522648083624 0.3411764705882353 0.15156794425087108 0.3458823529411765 0.14634146341463414 0.37176470588235294 0.14285714285714285 0.4117647058823529 0.15331010452961671 0.3905882352941176 0.1672473867595819 0.4047058823529412 0.17770034843205576 0.43058823529411766 0.17770034843205576 0.3458823529411765 0.16550522648083624 0.3411764705882353
16 0.21602787456445993 0.5741176470588235 0.24912891986062718 0.6282352941176471 0.2804878048780488 0.668235294117647 0.2700348432055749 0.64 0.24390243902439024 0.5905882352941176 0.22996515679442509 0.571764705882353 0.20905923344947736 0.5552941176470588 0.1916376306620209 0.5317647058823529 0.21602787456445993 0.5741176470588235
0 0.3397212543554007 0.6517647058823529 0.35365853658536583 0.6988235294117647 0.3867595818815331 0.8070588235294117 0.40418118466898956 0.8423529411764706 0.45993031358885017 0.8611764705882353 0.5400696864111498 0.88 0.6010452961672473 0.8611764705882353 0.6602787456445993 0.8329411764705882 0.7613240418118467 0.7858823529411765 0.837979094076655 0.7341176470588235 0.8902439024390244 0.691764705882353 0.9250871080139372 0.6517647058823529 0.9337979094076655 0.5952941176470589 0.9337979094076655 0.548235294117647 0.9355400696864111 0.5105882352941177 0.921602787456446 0.4776470588235294 0.9041811846689896 0.48705882352941177 0.9006968641114983 0.5223529411764706 0.8797909407665505 0.548235294117647 0.8344947735191638 0.5858823529411765 0.7682926829268293 0.611764705882353 0.6289198606271778 0.6635294117647059 0.6097560975609756 0.6588235294117647 0.5888501742160279 0.6047058823529412 0.5348432055749129 0.6352941176470588 0.5 0.6494117647058824 0.47560975609756095 0.6282352941176471 0.44947735191637633 0.6541176470588236 0.3344947735191638 0.6235294117647059 0.3397212543554007 0.6517647058823529
17 0.6358885017421603 0.19058823529411764 0.573170731707317 0.16705882352941176 0.5 0.1623529411764706 0.42160278745644597 0.16470588235294117 0.34843205574912894 0.17176470588235293 0.313588850174216 0.17882352941176471 0.34494773519163763 0.1952941176470588 0.3693379790940767 0.2164705882352941 0.4912891986062718 0.1976470588235294 0.6358885017421603 0.19058823529411764
18 0.41289198606271776 0.49176470588235294 0.44076655052264807 0.5670588235294117 0.4808362369337979 0.6282352941176471 0.5034843205574913 0.6494117647058824 0.5418118466898955 0.6305882352941177 0.5958188153310104 0.6023529411764705 0.6585365853658537 0.5882352941176471 0.6376306620209059 0.4988235294117647 0.5487804878048781 0.4894117647058824 0.42160278745644597 0.4776470588235294 0.41289198606271776 0.49176470588235294
18 0.921602787456446 0.4752941176470588 0.921602787456446 0.4164705882352941 0.9146341463414634 0.38588235294117645 0.9041811846689896 0.36941176470588233 0.8797909407665505 0.4164705882352941 0.8763066202090593 0.4682352941176471 0.8763066202090593 0.4964705882352941 0.9024390243902439 0.4823529411764706 0.921602787456446 0.4752941176470588
3 0.3310104529616725 0.30117647058823527 0.31881533101045295 0.2541176470588235 0.3153310104529617 0.26588235294117646 0.30313588850174217 0.30823529411764705 0.2926829268292683 0.36470588235294116 0.3118466898954704 0.37176470588235294 0.3310104529616725 0.30117647058823527
3 0.3118466898954704 0.2447058823529412 0.29442508710801396 0.2164705882352941 0.27526132404181186 0.20941176470588235 0.2613240418118467 0.24 0.25261324041811845 0.2847058823529412 0.23693379790940766 0.34823529411764703 0.28397212543554007 0.36 0.3118466898954704 0.2447058823529412
9 0.23170731707317074 0.26823529411764707 0.24912891986062718 0.21411764705882352 0.23693379790940766 0.2211764705882353 0.2264808362369338 0.23294117647058823 0.21428571428571427 0.24705882352941178 0.2038327526132404 0.2635294117647059 0.19337979094076654 0.2847058823529412 0.18466898954703834 0.32941176470588235 0.21951219512195122 0.3388235294117647 0.23170731707317074 0.26823529411764707
15 0.8972125435540069 0.35294117647058826 0.8902439024390244 0.33647058823529413 0.8832752613240418 0.33176470588235296 0.813588850174216 0.31058823529411766 0.813588850174216 0.31529411764705884 0.8867595818815331 0.3411764705882353 0.8972125435540069 0.3788235294117647 0.9024390243902439 0.36941176470588233 0.8972125435540069 0.35294117647058826