16 0.5912408759124088 0.7760314341846758 0.8077858880778589 0.6463654223968566 0.7931873479318735 0.6404715127701375 0.5888077858880778 0.756385068762279 0.5912408759124088 0.7760314341846758
15 0.8917274939172749 0.2966601178781925 0.8661800486618005 0.32220039292730845 0.8321167883211679 0.3477406679764244 0.8381995133819952 0.4263261296660118 0.8260340632603407 0.550098231827112 0.7968369829683698 0.6385068762278978 0.8090024330900243 0.650294695481336 0.8637469586374696 0.6286836935166994 0.878345498783455 0.5834970530451866 0.889294403892944 0.5363457760314342 0.9063260340632603 0.5009823182711198 0.9294403892944039 0.5009823182711198 0.9355231143552312 0.5579567779960707 0.9501216545012166 0.4931237721021611 0.948905109489051 0.4636542239685658 0.9416058394160584 0.4302554027504912 0.9416058394160584 0.40078585461689586 0.9367396593673966 0.33988212180746563 0.9209245742092458 0.2829076620825147 0.8917274939172749 0.2966601178781925
3 0.8126520681265207 0.1787819253438114 0.8272506082725061 0.27111984282907664 0.829683698296837 0.343811394891945 0.8552311435523114 0.3280943025540275 0.8844282238442822 0.3005893909626719 0.8905109489051095 0.28487229862475444 0.8917274939172749 0.2475442043222004 0.889294403892944 0.22396856581532418 0.8807785888077859 0.2043222003929273 0.8734793187347932 0.1905697445972495 0.8552311435523114 0.1787819253438114 0.8114355231143552 0.16699410609037327 0.8126520681265207 0.1787819253438114
2 0.8552311435523114 0.6777996070726916 0.8844282238442822 0.6856581532416502 0.9075425790754258 0.6699410609037328 0.9233576642335767 0.6247544204322201 0.9294403892944039 0.5913555992141454 0.9330900243309003 0.5461689587426326 0.9306569343065694 0.5147347740667977 0.9209245742092458 0.49901768172888017 0.9075425790754258 0.5009823182711198 0.889294403892944 0.5343811394891945 0.878345498783455 0.593320235756385 0.8625304136253041 0.630648330058939 0.8406326034063261 0.6404715127701375 0.8552311435523114 0.6777996070726916
7 0.5875912408759124 0.756385068762279 0.754257907542579 0.6679764243614931 0.7968369829683698 0.6385068762278978 0.8248175182481752 0.5481335952848723 0.8357664233576643 0.4636542239685658 0.8394160583941606 0.3889980353634578 0.8309002433090025 0.3418467583497053 0.8248175182481752 0.26522593320235754 0.8114355231143552 0.16895874263261296 0.7980535279805353 0.14341846758349705 0.7201946472019465 0.14538310412573674 0.6909975669099757 0.15717092337917485 0.656934306569343 0.1905697445972495 0.6277372262773723 0.4204322200392927 0.6009732360097324 0.4302554027504912 0.5875912408759124 0.756385068762279
5 0.30656934306569344 0.6601178781925344 0.3564476885644769 0.656188605108055 0.4051094890510949 0.6895874263261297 0.4635036496350365 0.6463654223968566 0.51338199513382 0.6404715127701375 0.5450121654501217 0.6758349705304518 0.551094890510949 0.7485265225933202 0.5486618004866181 0.8153241650294696 0.5924574209245742 0.7799607072691552 0.583941605839416 0.7387033398821218 0.6009732360097324 0.4263261296660118 0.5267639902676399 0.44793713163064836 0.5194647201946472 0.43222003929273084 0.524330900243309 0.4086444007858546 0.5 0.36345776031434185 0.4537712895377129 0.4243614931237721 0.25790754257907544 0.5795677799607073 0.340632603406326 0.5776031434184676 0.30656934306569344 0.6601178781925344
9 0.6557177615571776 0.2730844793713163 0.6545012165450121 0.3555992141453831 0.656934306569343 0.343811394891945 0.6751824817518248 0.3241650294695481 0.6995133819951338 0.32612966601178783 0.7335766423357665 0.33988212180746563 0.7396593673965937 0.3516699410609037 0.7420924574209246 0.3654223968565815 0.8102189781021898 0.33988212180746563 0.8102189781021898 0.26522593320235754 0.805352798053528 0.17485265225933203 0.7566909975669099 0.17092337917485265 0.7007299270072993 0.18271119842829076 0.6654501216545012 0.21414538310412573 0.6557177615571776 0.2730844793713163
9 0.5328467153284672 0.44597249508840864 0.6228710462287105 0.40471512770137524 0.6423357664233577 0.24165029469548133 0.5206812652068127 0.42829076620825146 0.5328467153284672 0.44597249508840864
17 0.6496350364963503 0.14341846758349705 0.6776155717761557 0.1650294695481336 0.7055961070559611 0.14931237721021612 0.7287104622871047 0.14341846758349705 0.767639902676399 0.14145383104125736 0.8004866180048662 0.14538310412573674 0.8856447688564477 0.16699410609037327 0.8418491484184915 0.14341846758349705 0.7944038929440389 0.1237721021611002 0.7007299270072993 0.10609037328094302 0.6228710462287105 0.10019646365422397 0.5231143552311436 0.10805500982318271 0.4744525547445255 0.12180746561886051 0.6496350364963503 0.14341846758349705
14 0.6386861313868614 0.381139489194499 0.6532846715328468 0.4106090373280943 0.6970802919708029 0.4106090373280943 0.7299270072992701 0.4106090373280943 0.7420924574209246 0.3850687622789784 0.7396593673965937 0.3516699410609037 0.7201946472019465 0.3320235756385069 0.6849148418491484 0.32220039292730845 0.6630170316301703 0.3320235756385069 0.6508515815085159 0.36738703339882123 0.6399026763990268 0.37524557956778 0.6386861313868614 0.381139489194499
12 0.18613138686131386 0.3280943025540275 0.11070559610705596 0.38703339882121807 0.0535279805352798 0.46168958742632615 0.10340632603406326 0.5717092337917485 0.25790754257907544 0.5795677799607073 0.4562043795620438 0.4223968565815324 0.3442822384428224 0.37524557956778 0.2798053527980535 0.34577603143418467 0.2396593673965937 0.30844793713163066 0.18613138686131386 0.3280943025540275
11 0.09975669099756691 0.6129666011787819 0.13381995133819952 0.6581532416502947 0.17153284671532848 0.68762278978389 0.2615571776155718 0.6758349705304518 0.2980535279805353 0.5834970530451866 0.15936739659367397 0.5776031434184676 0.10097323600973236 0.5677799607072691 0.09975669099756691 0.6129666011787819
6 0.051094890510948905 0.6719056974459725 0.07420924574209246 0.7544204322200393 0.14963503649635038 0.8939096267190569 0.32725060827250607 0.9489194499017681 0.33211678832116787 0.8821218074656189 0.3077858880778589 0.8565815324165029 0.3381995133819951 0.8330058939096268 0.3661800486618005 0.7485265225933202 0.4051094890510949 0.693516699410609 0.3905109489051095 0.6797642436149313 0.33698296836982966 0.6660117878192534 0.2944038929440389 0.6738703339882122 0.22141119221411193 0.6856581532416502 0.1678832116788321 0.6895874263261297 0.12043795620437957 0.6522593320235757 0.10097323600973236 0.6110019646365422 0.09975669099756691 0.555992141453831 0.05474452554744526 0.45972495088408644 0.0413625304136253 0.5068762278978389 0.08637469586374696 0.587426326129666 0.08637469586374696 0.6719056974459725 0.043795620437956206 0.6031434184675835 0.051094890510948905 0.6719056974459725
10 0.0413625304136253 0.5952848722986247 0.09002433090024331 0.6719056974459725 0.08637469586374696 0.6070726915520629 0.045012165450121655 0.518664047151277 0.0413625304136253 0.5952848722986247
8 0.39659367396593675 0.9744597249508841 0.42700729927007297 0.9783889980353635 0.4708029197080292 0.9528487229862476 0.5109489051094891 0.9037328094302554 0.5255474452554745 0.8565815324165029 0.5304136253041363 0.8153241650294696 0.5279805352798054 0.7603143418467584 0.5255474452554745 0.7190569744597249 0.51338199513382 0.6836935166994106 0.4793187347931874 0.6522593320235757 0.46472019464720193 0.650294695481336 0.44525547445255476 0.6581532416502947 0.4197080291970803 0.6777996070726916 0.39902676399026765 0.7033398821218074 0.3771289537712895 0.7387033398821218 0.3613138686131387 0.7721021611001965 0.3418491484184915 0.8388998035363457 0.3418491484184915 0.9017681728880157 0.3467153284671533 0.9292730844793713 0.36982968369829683 0.9548133595284872 0.39659367396593675 0.9744597249508841
20 0.25790754257907544 0.32612966601178783 0.28345498783454987 0.34577603143418467 0.35523114355231145 0.3791748526522593 0.3880778588807786 0.39096267190569745 0.4245742092457421 0.4086444007858546 0.4537712895377129 0.4223968565815324 0.6532846715328468 0.15520628683693516 0.648418491484185 0.14341846758349705 0.5827250608272506 0.13359528487229863 0.4683698296836983 0.1237721021611002 0.402676399026764 0.16306483300589392 0.3284671532846715 0.22396856581532418 0.24330900243309003 0.30648330058939094 0.25790754257907544 0.32612966601178783