4 0.34375 0.3416252072968491 0.29375 0.33001658374792703 0.165 0.3034825870646766 0.12125 0.30514096185737977 0.08375 0.48258706467661694 0.14125 0.5124378109452736 0.20875 0.5671641791044776 0.32875 0.6086235489220564 0.34375 0.3416252072968491
18 0.335 0.527363184079602 0.3375 0.6583747927031509 0.34625 0.7562189054726368 0.39625 0.7678275290215588 0.4325 0.7595356550580431 0.4275 0.703150912106136 0.4125 0.5986733001658375 0.3975 0.5257048092868989 0.395 0.3913764510779436 0.3775 0.31343283582089554 0.3475 0.3333333333333333 0.335 0.527363184079602
0 0.3425 0.7611940298507462 0.3175 0.8159203980099502 0.22625 0.7396351575456053 0.16 0.681592039800995 0.1125 0.6384742951907131 0.0925 0.5704809286898839 0.05875 0.5887230514096186 0.0575 0.6135986733001658 0.075 0.6782752902155887 0.085 0.714759535655058 0.13 0.7711442786069652 0.19125 0.835820895522388 0.235 0.8689883913764511 0.28375 0.9054726368159204 0.34125 0.9402985074626866 0.38625 0.9436152570480929 0.4675 0.9137645107794361 0.5275 0.867330016583748 0.54 0.8590381426202321 0.6025 0.6865671641791045 0.44375 0.75787728026534 0.3425 0.7611940298507462
17 0.75375 0.2703150912106136 0.72625 0.2603648424543947 0.68125 0.2603648424543947 0.62125 0.25207296849087896 0.55125 0.25870646766169153 0.455 0.24875621890547264 0.35375 0.2470978441127695 0.20875 0.2570480928689884 0.12625 0.3018242122719735 0.1675 0.30514096185737977 0.20875 0.3067993366500829 0.255 0.3167495854063018 0.30625 0.33167495854063017 0.33875 0.3416252072968491 0.35 0.3200663349917081 0.3775 0.3101160862354892 0.425 0.3117744610281924 0.4875 0.296849087893864 0.57 0.2835820895522388 0.635 0.2835820895522388 0.71 0.28192371475953565 0.76 0.2885572139303483 0.75375 0.2703150912106136
15 0.4325 0.6965174129353234 0.4375 0.7545605306799337 0.6025 0.6799336650082919 0.65625 0.6334991708126037 0.68875 0.6434494195688225 0.69375 0.6965174129353234 0.69625 0.736318407960199 0.7025 0.648424543946932 0.69125 0.593698175787728 0.69 0.548922056384743 0.685 0.5058043117744611 0.67 0.4792703150912106 0.60875 0.49917081260364843 0.5425 0.5223880597014925 0.48875 0.5373134328358209 0.45125 0.548922056384743 0.405 0.5655058043117744 0.41875 0.6069651741293532 0.4325 0.6965174129353234
3 0.48 0.3383084577114428 0.41875 0.3548922056384743 0.435 0.4361525704809287 0.45125 0.5406301824212272 0.55 0.5157545605306799 0.61625 0.49087893864013266 0.65625 0.4693200663349917 0.6275 0.32172470978441126 0.56 0.3283582089552239 0.48 0.3383084577114428
9 0.7675 0.37976782752902155 0.78125 0.41127694859038144 0.795 0.4311774461028192 0.87 0.4046434494195688 0.85125 0.36981757877280264 0.8175 0.33167495854063017 0.775 0.296849087893864 0.73 0.3018242122719735 0.7525 0.33499170812603646 0.7675 0.37976782752902155
1 0.6875 0.5107794361525705 0.69 0.5688225538971807 0.7025 0.6368159203980099 0.7025 0.7180762852404643 0.7175 0.7048092868988391 0.75 0.6749585406301825 0.7925 0.6351575456053068 0.795 0.6169154228855721 0.80625 0.560530679933665 0.80875 0.4792703150912106 0.7925 0.4361525704809287 0.76 0.35323383084577115 0.7325 0.29850746268656714 0.67 0.3018242122719735 0.63625 0.30845771144278605 0.655 0.3880597014925373 0.6675 0.4660033167495854 0.6875 0.5107794361525705
5 0.88625 0.4311774461028192 0.885 0.5041459369817579 0.8775 0.5588723051409619 0.8825 0.5538971807628524 0.89625 0.5124378109452736 0.90125 0.4925373134328358 0.91 0.4626865671641791 0.9175 0.4527363184079602 0.92375 0.4593698175787728 0.92625 0.4859038142620232 0.92875 0.4660033167495854 0.92625 0.4427860696517413 0.9225 0.42454394693200664 0.91875 0.417910447761194 0.91375 0.4129353233830846 0.905 0.41127694859038144 0.8975 0.42122719734660036 0.88 0.41459369817578773 0.88625 0.4311774461028192
14 0.86875 0.4129353233830846 0.8975 0.417910447761194 0.89875 0.3946932006633499 0.88125 0.38474295190713104 0.8675 0.3946932006633499 0.86875 0.4129353233830846
2 0.60625 0.6782752902155887 0.58125 0.7379767827529021 0.555 0.8109452736318408 0.53375 0.8756218905472637 0.56375 0.9087893864013267 0.59625 0.9303482587064676 0.625 0.9154228855721394 0.65125 0.8855721393034826 0.67125 0.8308457711442786 0.6875 0.7728026533996684 0.6875 0.7131011608623549 0.67125 0.6583747927031509 0.64 0.6517412935323383 0.60625 0.6782752902155887
8 0.90875 0.48756218905472637 0.89375 0.5008291873963516 0.88375 0.5472636815920398 0.86625 0.582089552238806 0.8725 0.5986733001658375 0.8875 0.5986733001658375 0.9075 0.5787728026533997 0.9175 0.5290215588723052 0.92375 0.48092868988391374 0.915 0.46102819237147596 0.90875 0.48756218905472637
7 0.8075 0.472636815920398 0.805 0.49917081260364843 0.805 0.5555555555555556 0.79625 0.6318407960199005 0.8675 0.5688225538971807 0.87625 0.560530679933665 0.88375 0.5190713101160862 0.88625 0.4660033167495854 0.88625 0.4311774461028192 0.87875 0.41625207296849087 0.8625 0.4096185737976783 0.865 0.3913764510779436 0.8425 0.3598673300165838 0.81 0.32338308457711445 0.78125 0.3034825870646766 0.75875 0.29850746268656714 0.735 0.29850746268656714 0.7625 0.35655058043117743 0.7925 0.43283582089552236 0.8075 0.472636815920398
3 0.65875 0.4693200663349917 0.72125 0.45107794361525705 0.79125 0.43449419568822556 0.73125 0.296849087893864 0.625 0.31343283582089554 0.65875 0.4693200663349917
13 0.2375 0.681592039800995 0.24375 0.6102819237147595 0.14625 0.548922056384743 0.14 0.6169154228855721 0.2375 0.681592039800995
19 0.08625 0.5555555555555556 0.1 0.6169154228855721 0.11375 0.6417910447761194 0.18875 0.7097844112769486 0.28125 0.7860696517412935 0.32125 0.8059701492537313 0.3325 0.7860696517412935 0.34375 0.7545605306799337 0.33125 0.6086235489220564 0.08375 0.48258706467661694 0.08625 0.5555555555555556
16 0.7025 0.7379767827529021 0.7575 0.6865671641791045 0.86625 0.5854063018242123 0.8725 0.5655058043117744 0.79625 0.6334991708126037 0.70375 0.7197346600331676 0.7025 0.7379767827529021