0 0.10111111111111111 0.5717703349282297 0.07777777777777778 0.5406698564593302 0.056666666666666664 0.5143540669856459 0.04555555555555556 0.5430622009569378 0.04888888888888889 0.5885167464114832 0.04777777777777778 0.6124401913875598 0.05 0.6483253588516746 0.058888888888888886 0.69377990430622 0.0811111111111111 0.7177033492822966 0.10444444444444445 0.722488038277512 0.10666666666666667 0.645933014354067 0.12111111111111111 0.6004784688995215 0.10111111111111111 0.5717703349282297
1 0.20777777777777778 0.37559808612440193 0.21555555555555556 0.4569377990430622 0.2288888888888889 0.5119617224880383 0.27555555555555555 0.6100478468899522 0.3244444444444444 0.7057416267942583 0.4622222222222222 0.715311004784689 0.46111111111111114 0.6578947368421053 0.4622222222222222 0.5454545454545454 0.45666666666666667 0.4354066985645933 0.45111111111111113 0.35406698564593303 0.43777777777777777 0.13157894736842105 0.4266666666666667 0.13157894736842105 0.33666666666666667 0.14114832535885166 0.2677777777777778 0.16985645933014354 0.2222222222222222 0.3181818181818182 0.20777777777777778 0.37559808612440193
2 0.15222222222222223 0.5813397129186603 0.12777777777777777 0.638755980861244 0.12 0.7009569377990431 0.12555555555555556 0.7583732057416268 0.15222222222222223 0.8325358851674641 0.19333333333333333 0.868421052631579 0.24222222222222223 0.854066985645933 0.2644444444444444 0.80622009569378 0.27666666666666667 0.7631578947368421 0.2833333333333333 0.715311004784689 0.2677777777777778 0.6363636363636364 0.2411111111111111 0.5909090909090909 0.19555555555555557 0.5526315789473685 0.15222222222222223 0.5813397129186603
4 0.13111111111111112 0.23684210526315788 0.12111111111111111 0.18421052631578946 0.07555555555555556 0.3038277511961722 0.10444444444444445 0.2679425837320574 0.13111111111111112 0.23684210526315788
6 0.9155555555555556 0.6339712918660287 0.91 0.715311004784689 0.9366666666666666 0.6913875598086124 0.9611111111111111 0.6411483253588517 0.9611111111111111 0.5980861244019139 0.9677777777777777 0.5215311004784688 0.9666666666666667 0.4688995215311005 0.9477777777777778 0.4688995215311005 0.9277777777777778 0.5215311004784688 0.9111111111111111 0.562200956937799 0.9155555555555556 0.6339712918660287
7 0.44333333333333336 0.20574162679425836 0.45111111111111113 0.3492822966507177 0.46111111111111114 0.49760765550239233 0.46444444444444444 0.7105263157894737 0.7111111111111111 0.7105263157894737 0.7166666666666667 0.6770334928229665 0.7255555555555555 0.5789473684210527 0.7344444444444445 0.45933014354066987 0.7188888888888889 0.3875598086124402 0.7022222222222222 0.2894736842105263 0.65 0.22966507177033493 0.5688888888888889 0.16267942583732056 0.5244444444444445 0.13875598086124402 0.44222222222222224 0.13157894736842105 0.44333333333333336 0.20574162679425836
8 0.77 0.583732057416268 0.7522222222222222 0.6555023923444976 0.7488888888888889 0.7272727272727273 0.76 0.7559808612440191 0.7944444444444444 0.8110047846889952 0.83 0.8133971291866029 0.8766666666666667 0.7751196172248804 0.8955555555555555 0.722488038277512 0.9066666666666666 0.6818181818181818 0.9055555555555556 0.6196172248803827 0.8922222222222222 0.5550239234449761 0.86 0.5167464114832536 0.8266666666666667 0.5095693779904307 0.7988888888888889 0.5287081339712919 0.77 0.583732057416268
20 0.6888888888888889 0.24401913875598086 0.7488888888888889 0.30861244019138756 0.7766666666666666 0.3253588516746411 0.7533333333333333 0.2822966507177033 0.7122222222222222 0.24162679425837322 0.6588888888888889 0.18660287081339713 0.6055555555555555 0.13875598086124402 0.5822222222222222 0.12440191387559808 0.5733333333333334 0.13157894736842105 0.6166666666666667 0.1722488038277512 0.6888888888888889 0.24401913875598086
11 0.9155555555555556 0.43779904306220097 0.9422222222222222 0.46411483253588515 0.9644444444444444 0.4688995215311005 0.9511111111111111 0.41626794258373206 0.9255555555555556 0.39473684210526316 0.8888888888888888 0.39952153110047844 0.9155555555555556 0.43779904306220097
14 0.6955555555555556 0.3588516746411483 0.6955555555555556 0.3229665071770335 0.6922222222222222 0.291866028708134 0.6733333333333333 0.2894736842105263 0.6644444444444444 0.3253588516746411 0.6655555555555556 0.36363636363636365 0.6955555555555556 0.3588516746411483
15 0.11666666666666667 0.5956937799043063 0.1411111111111111 0.5598086124401914 0.16666666666666666 0.5430622009569378 0.2088888888888889 0.5502392344497608 0.24444444444444444 0.5813397129186603 0.27111111111111114 0.6435406698564593 0.2866666666666667 0.7105263157894737 0.3244444444444444 0.7105263157894737 0.29555555555555557 0.645933014354067 0.2611111111111111 0.583732057416268 0.2311111111111111 0.5215311004784688 0.21777777777777776 0.47129186602870815 0.2088888888888889 0.38516746411483255 0.21777777777777776 0.3349282296650718 0.17222222222222222 0.3133971291866029 0.14666666666666667 0.2535885167464115 0.13111111111111112 0.23684210526315788 0.1 0.28708133971291866 0.10777777777777778 0.3229665071770335 0.12555555555555556 0.3397129186602871 0.15555555555555556 0.3588516746411483 0.15333333333333332 0.37799043062200954 0.1322222222222222 0.39473684210526316 0.09666666666666666 0.4090909090909091 0.07777777777777778 0.47368421052631576 0.056666666666666664 0.4665071770334928 0.058888888888888886 0.5023923444976076 0.05555555555555555 0.5215311004784688 0.11666666666666667 0.5956937799043063
5 0.7344444444444445 0.4665071770334928 0.7277777777777777 0.5645933014354066 0.7155555555555555 0.7105263157894737 0.7388888888888889 0.715311004784689 0.7455555555555555 0.6722488038277512 0.7577777777777778 0.6052631578947368 0.7833333333333333 0.5430622009569378 0.8155555555555556 0.507177033492823 0.8422222222222222 0.49521531100478466 0.8877777777777778 0.507177033492823 0.9155555555555556 0.562200956937799 0.9466666666666667 0.47368421052631576 0.9211111111111111 0.44976076555023925 0.8866666666666667 0.4019138755980861 0.7211111111111111 0.3827751196172249 0.7344444444444445 0.4665071770334928
16 0.29 0.7655502392344498 0.7377777777777778 0.7392344497607656 0.7377777777777778 0.7129186602870813 0.2911111111111111 0.7129186602870813 0.29 0.7655502392344498
17 0.17444444444444446 0.1937799043062201 0.1922222222222222 0.15789473684210525 0.3055555555555556 0.12200956937799043 0.38222222222222224 0.10526315789473684 0.4388888888888889 0.10287081339712918 0.5055555555555555 0.1076555023923445 0.5677777777777778 0.13636363636363635 0.5733333333333334 0.11722488038277512 0.5333333333333333 0.09808612440191387 0.49444444444444446 0.08373205741626795 0.4211111111111111 0.07655502392344497 0.3288888888888889 0.09569377990430622 0.23777777777777778 0.12200956937799043 0.14444444444444443 0.16028708133971292 0.12111111111111111 0.18181818181818182 0.13333333333333333 0.22727272727272727 0.17444444444444446 0.1937799043062201
18 0.09333333333333334 0.4090909090909091 0.13666666666666666 0.38995215311004783 0.16 0.37320574162679426 0.13333333333333333 0.34210526315789475 0.1111111111111111 0.33014354066985646 0.09888888888888889 0.2942583732057416 0.06888888888888889 0.3229665071770335 0.05555555555555555 0.35406698564593303 0.051111111111111114 0.39952153110047844 0.05444444444444444 0.46411483253588515 0.07555555555555556 0.47368421052631576 0.09333333333333334 0.4090909090909091
19 0.1322222222222222 0.23205741626794257 0.16666666666666666 0.20095693779904306 0.18666666666666668 0.16507177033492823 0.18666666666666668 0.14354066985645933 0.15 0.16028708133971292 0.13333333333333333 0.16267942583732056 0.1111111111111111 0.215311004784689 0.06666666666666667 0.3277511961722488 0.09555555555555556 0.3038277511961722 0.1322222222222222 0.23205741626794257
12 0.9288888888888889 0.39712918660287083 0.9588888888888889 0.423444976076555 0.9411111111111111 0.3827751196172249 0.8977777777777778 0.3349282296650718 0.8511111111111112 0.3062200956937799 0.8088888888888889 0.284688995215311 0.7777777777777778 0.2727272727272727 0.7888888888888889 0.3014354066985646 0.7822222222222223 0.3253588516746411 0.8044444444444444 0.3827751196172249 0.8944444444444445 0.4043062200956938 0.9288888888888889 0.39712918660287083
3 0.18 0.31100478468899523 0.21777777777777776 0.31100478468899523 0.23777777777777778 0.2535885167464115 0.25666666666666665 0.18660287081339713 0.22444444444444445 0.20095693779904306 0.18444444444444444 0.22966507177033493 0.15333333333333332 0.25598086124401914 0.18 0.31100478468899523