12 0.6293375394321766 0.43487394957983194 0.7255520504731862 0.4726890756302521 0.7712933753943217 0.453781512605042 0.8186119873817035 0.4264705882352941 0.8690851735015773 0.39285714285714285 0.8911671924290221 0.37184873949579833 0.8722397476340694 0.32563025210084034 0.8596214511041009 0.28781512605042014 0.7870662460567823 0.25 0.6719242902208202 0.24369747899159663 0.5993690851735016 0.2542016806722689 0.5678233438485805 0.25630252100840334 0.3627760252365931 0.3004201680672269 0.35962145110410093 0.3403361344537815 0.5425867507886435 0.4222689075630252 0.6293375394321766 0.43487394957983194
6 0.5394321766561514 0.569327731092437 0.556782334384858 0.680672268907563 0.5615141955835962 0.7436974789915967 0.6214511041009464 0.7563025210084033 0.6813880126182965 0.7626050420168067 0.7476340694006309 0.75 0.7933753943217665 0.7247899159663865 0.8201892744479495 0.6932773109243697 0.8706624605678234 0.6638655462184874 0.8911671924290221 0.6386554621848739 0.9227129337539433 0.6050420168067226 0.9227129337539433 0.5798319327731093 0.9258675078864353 0.5336134453781513 0.9305993690851735 0.49789915966386555 0.9227129337539433 0.453781512605042 0.9274447949526814 0.40336134453781514 0.9053627760252366 0.39705882352941174 0.8927444794952681 0.37184873949579833 0.8501577287066246 0.4096638655462185 0.8280757097791798 0.4222689075630252 0.7728706624605678 0.46008403361344535 0.7570977917981072 0.4810924369747899 0.7634069400630915 0.5168067226890757 0.7712933753943217 0.5483193277310925 0.7460567823343849 0.5651260504201681 0.6766561514195584 0.5609243697478992 0.610410094637224 0.5399159663865546 0.5394321766561514 0.569327731092437
7 0.20662460567823343 0.26260504201680673 0.19558359621451105 0.32983193277310924 0.21451104100946372 0.48739495798319327 0.35331230283911674 0.592436974789916 0.3438485804416404 0.523109243697479 0.334384858044164 0.38865546218487396 0.334384858044164 0.3277310924369748 0.3217665615141956 0.27941176470588236 0.2996845425867508 0.21008403361344538 0.2823343848580442 0.1638655462184874 0.26025236593059936 0.14495798319327732 0.2334384858044164 0.1407563025210084 0.20662460567823343 0.26260504201680673
8 0.41324921135646686 0.5084033613445378 0.4037854889589905 0.5399159663865546 0.3990536277602524 0.5945378151260504 0.4116719242902208 0.6680672268907563 0.4416403785488959 0.7247899159663865 0.48738170347003157 0.7563025210084033 0.5173501577287066 0.7563025210084033 0.556782334384858 0.7310924369747899 0.5583596214511041 0.6995798319327731 0.5520504731861199 0.6533613445378151 0.5425867507886435 0.5861344537815126 0.5425867507886435 0.5588235294117647 0.5078864353312302 0.5105042016806722 0.4605678233438486 0.4789915966386555 0.42586750788643535 0.49159663865546216 0.41324921135646686 0.5084033613445378
20 0.580441640378549 0.25630252100840334 0.6261829652996845 0.24579831932773108 0.5694006309148265 0.18907563025210083 0.5220820189274448 0.15336134453781514 0.43690851735015773 0.14495798319327732 0.3722397476340694 0.15126050420168066 0.305993690851735 0.14705882352941177 0.31545741324921134 0.19747899159663865 0.3391167192429022 0.25840336134453784 0.3675078864353312 0.29831932773109243 0.4747634069400631 0.27310924369747897 0.580441640378549 0.25630252100840334
11 0.5488958990536278 0.4411764705882353 0.5615141955835962 0.4726890756302521 0.580441640378549 0.5168067226890757 0.6214511041009464 0.5462184873949579 0.6782334384858044 0.5588235294117647 0.7413249211356467 0.5630252100840336 0.7586750788643533 0.5546218487394958 0.7681388012618297 0.5399159663865546 0.722397476340694 0.4789915966386555 0.6561514195583596 0.4579831932773109 0.6072555205047319 0.43487394957983194 0.5646687697160884 0.4369747899159664 0.5488958990536278 0.4411764705882353
14 0.23501577287066247 0.3130252100840336 0.2807570977917981 0.3067226890756303 0.30757097791798105 0.3067226890756303 0.305993690851735 0.2857142857142857 0.2981072555205047 0.26260504201680673 0.2697160883280757 0.25840336134453784 0.24132492113564669 0.2689075630252101 0.23501577287066247 0.3130252100840336
5 0.334384858044164 0.39915966386554624 0.3438485804416404 0.5105042016806722 0.3580441640378549 0.5861344537815126 0.39589905362776023 0.6239495798319328 0.39274447949526814 0.6113445378151261 0.3864353312302839 0.5483193277310925 0.3990536277602524 0.49789915966386555 0.41798107255520506 0.453781512605042 0.43690851735015773 0.46008403361344535 0.4810725552050473 0.4726890756302521 0.5141955835962145 0.5126050420168067 0.5425867507886435 0.569327731092437 0.6072555205047319 0.5441176470588235 0.583596214511041 0.5210084033613446 0.5599369085173501 0.4726890756302521 0.5457413249211357 0.4411764705882353 0.5110410094637224 0.4222689075630252 0.41324921135646686 0.3697478991596639 0.3391167192429022 0.32983193277310924 0.334384858044164 0.39915966386554624
15 0.09779179810725552 0.23949579831932774 0.08675078864353312 0.2605042016806723 0.08517350157728706 0.28781512605042014 0.08517350157728706 0.32563025210084034 0.08675078864353312 0.34243697478991597 0.09936908517350158 0.3907563025210084 0.10410094637223975 0.3277310924369748 0.10883280757097792 0.3130252100840336 0.11356466876971609 0.27310924369747897 0.12618296529968454 0.2415966386554622 0.10883280757097792 0.23739495798319327 0.09779179810725552 0.23949579831932774
1 0.12460567823343849 0.2415966386554622 0.11514195583596215 0.2668067226890756 0.10883280757097792 0.3130252100840336 0.12460567823343849 0.32983193277310924 0.14353312302839116 0.39285714285714285 0.15615141955835962 0.4474789915966387 0.2113564668769716 0.4831932773109244 0.20189274447949526 0.39915966386554624 0.1971608832807571 0.33613445378151263 0.1971608832807571 0.3067226890756303 0.19873817034700317 0.2668067226890756 0.21608832807570977 0.20168067226890757 0.2302839116719243 0.14495798319327732 0.20662460567823343 0.14705882352941177 0.17823343848580442 0.15756302521008403 0.12460567823343849 0.2415966386554622
2 0.10094637223974763 0.3550420168067227 0.10094637223974763 0.3949579831932773 0.11356466876971609 0.43487394957983194 0.12302839116719243 0.4726890756302521 0.138801261829653 0.48739495798319327 0.15457413249211358 0.49159663865546216 0.17823343848580442 0.49159663865546216 0.1719242902208202 0.47478991596638653 0.1608832807570978 0.46008403361344535 0.15457413249211358 0.4411764705882353 0.14511041009463724 0.39915966386554624 0.1277602523659306 0.36134453781512604 0.11829652996845426 0.3445378151260504 0.10094637223974763 0.3550420168067227
17 0.5078864353312302 0.14705882352941177 0.471608832807571 0.13445378151260504 0.3911671924290221 0.12815126050420167 0.3249211356466877 0.12394957983193278 0.26813880126182965 0.12605042016806722 0.30441640378548895 0.14705882352941177 0.38958990536277605 0.14705882352941177 0.5078864353312302 0.14705882352941177
16 0.16561514195583596 0.47058823529411764 0.18769716088328076 0.4852941176470588 0.23186119873817035 0.5147058823529411 0.3028391167192429 0.5714285714285714 0.37697160883280756 0.6113445378151261 0.3438485804416404 0.5840336134453782 0.29652996845425866 0.5504201680672269 0.21451104100946372 0.4852941176470588 0.1608832807570978 0.453781512605042 0.16561514195583596 0.47058823529411764
14 0.23817034700315456 0.2920168067226891 0.23974763406940064 0.3088235294117647 0.2586750788643533 0.3088235294117647 0.2823343848580442 0.3088235294117647 0.3138801261829653 0.3130252100840336 0.3186119873817035 0.3004201680672269 0.305993690851735 0.296218487394958 0.30441640378548895 0.2647058823529412 0.2886435331230284 0.25630252100840334 0.2618296529968454 0.2605042016806723 0.24132492113564669 0.2689075630252101 0.23817034700315456 0.2920168067226891
14 0.7870662460567823 0.5084033613445378 0.7933753943217665 0.542016806722689 0.8107255520504731 0.5588235294117647 0.8517350157728707 0.5630252100840336 0.8974763406940063 0.5483193277310925 0.917981072555205 0.5063025210084033 0.9211356466876972 0.46638655462184875 0.9227129337539433 0.4096638655462185 0.9100946372239748 0.40756302521008403 0.886435331230284 0.4054621848739496 0.8580441640378549 0.42436974789915966 0.8249211356466877 0.45168067226890757 0.7870662460567823 0.47689075630252103 0.7870662460567823 0.5084033613445378
9 0.2870662460567823 0.18907563025210083 0.27287066246056785 0.16596638655462184 0.2586750788643533 0.15546218487394958 0.23659305993690852 0.14915966386554622 0.22397476340694006 0.20588235294117646 0.2192429022082019 0.26260504201680673 0.23659305993690852 0.2710084033613445 0.2476340694006309 0.26260504201680673 0.30126182965299686 0.2542016806722689 0.3028391167192429 0.23739495798319327 0.2870662460567823 0.18907563025210083
3 0.22555205047318613 0.14915966386554622 0.20347003154574134 0.15336134453781514 0.18769716088328076 0.15966386554621848 0.17034700315457413 0.1722689075630252 0.16246056782334384 0.20798319327731093 0.15615141955835962 0.23949579831932774 0.20031545741324921 0.25630252100840334 0.22555205047318613 0.14915966386554622
3 0.13406940063091483 0.23319327731092437 0.15141955835962145 0.23949579831932774 0.1608832807570978 0.1869747899159664 0.13406940063091483 0.23319327731092437