2 0.1048951048951049 0.36018957345971564 0.10139860139860139 0.3767772511848341 0.09965034965034965 0.41232227488151657 0.10314685314685315 0.44075829383886256 0.11013986013986014 0.466824644549763 0.11888111888111888 0.495260663507109 0.12762237762237763 0.509478672985782 0.13636363636363635 0.514218009478673 0.16083916083916083 0.5118483412322274 0.17657342657342656 0.509478672985782 0.18181818181818182 0.5023696682464455 0.17307692307692307 0.495260663507109 0.15734265734265734 0.4834123222748815 0.1486013986013986 0.476303317535545 0.15034965034965034 0.4549763033175355 0.1451048951048951 0.43601895734597157 0.13986013986013987 0.4075829383886256 0.13111888111888112 0.3886255924170616 0.12237762237762238 0.36255924170616116 0.11363636363636363 0.35308056872037913 0.1048951048951049 0.36018957345971564
8 0.42657342657342656 0.5308056872037915 0.41083916083916083 0.5450236966824644 0.3986013986013986 0.5687203791469194 0.3916083916083916 0.6161137440758294 0.3968531468531469 0.6729857819905213 0.41083916083916083 0.7298578199052133 0.42657342657342656 0.7701421800947867 0.44755244755244755 0.8033175355450237 0.46853146853146854 0.8175355450236966 0.49475524475524474 0.8222748815165877 0.5174825174825175 0.8151658767772512 0.534965034965035 0.7890995260663507 0.5437062937062938 0.7559241706161137 0.5367132867132867 0.7274881516587678 0.5262237762237763 0.6729857819905213 0.5052447552447552 0.6090047393364929 0.479020979020979 0.5592417061611374 0.4423076923076923 0.5213270142180095 0.42657342657342656 0.5308056872037915
11 0.5314685314685315 0.54739336492891 0.5437062937062938 0.580568720379147 0.5734265734265734 0.5995260663507109 0.6153846153846154 0.6161137440758294 0.6538461538461539 0.6232227488151659 0.6975524475524476 0.6327014218009479 0.743006993006993 0.6374407582938388 0.784965034965035 0.6350710900473934 0.7482517482517482 0.5710900473933649 0.7290209790209791 0.5616113744075829 0.6695804195804196 0.556872037914692 0.6171328671328671 0.5521327014218009 0.5716783216783217 0.542654028436019 0.5437062937062938 0.533175355450237 0.5332167832167832 0.5355450236966824 0.5314685314685315 0.54739336492891
11 0.9055944055944056 0.514218009478673 0.9248251748251748 0.5308056872037915 0.9213286713286714 0.5 0.9125874125874126 0.471563981042654 0.8968531468531469 0.48578199052132703 0.9055944055944056 0.514218009478673
14 0.2534965034965035 0.3080568720379147 0.2534965034965035 0.3222748815165877 0.26048951048951047 0.33649289099526064 0.2727272727272727 0.34360189573459715 0.2867132867132867 0.3459715639810427 0.30244755244755245 0.3459715639810427 0.3129370629370629 0.35308056872037913 0.32517482517482516 0.3578199052132701 0.3339160839160839 0.3696682464454976 0.34265734265734266 0.3578199052132701 0.33916083916083917 0.34834123222748814 0.3321678321678322 0.33649289099526064 0.3321678321678322 0.31516587677725116 0.32517482517482516 0.2985781990521327 0.3146853146853147 0.28672985781990523 0.27797202797202797 0.28672985781990523 0.2674825174825175 0.2890995260663507 0.25874125874125875 0.2962085308056872 0.2534965034965035 0.3080568720379147
20 0.3548951048951049 0.2132701421800948 0.4125874125874126 0.3033175355450237 0.4562937062937063 0.3578199052132701 0.5244755244755245 0.33886255924170616 0.5699300699300699 0.32701421800947866 0.6223776223776224 0.3127962085308057 0.6590909090909091 0.3033175355450237 0.7027972027972028 0.2962085308056872 0.6590909090909091 0.25355450236966826 0.6171328671328671 0.22037914691943128 0.5856643356643356 0.1966824644549763 0.541958041958042 0.16350710900473933 0.5244755244755245 0.16350710900473933 0.4493006993006993 0.15639810426540285 0.3723776223776224 0.16113744075829384 0.32342657342657344 0.16824644549763032 0.3548951048951049 0.2132701421800948
9 0.22377622377622378 0.2014218009478673 0.21853146853146854 0.24881516587677724 0.21853146853146854 0.2914691943127962 0.2534965034965035 0.3080568720379147 0.25874125874125875 0.2962085308056872 0.2674825174825175 0.2890995260663507 0.3146853146853147 0.28672985781990523 0.32342657342657344 0.2962085308056872 0.3321678321678322 0.31516587677725116 0.3321678321678322 0.3412322274881517 0.3374125874125874 0.34360189573459715 0.3356643356643357 0.31516587677725116 0.3374125874125874 0.2938388625592417 0.33916083916083917 0.25355450236966826 0.3181818181818182 0.22748815165876776 0.3006993006993007 0.2014218009478673 0.28496503496503495 0.1848341232227488 0.26048951048951047 0.17061611374407584 0.23076923076923078 0.16113744075829384 0.22377622377622378 0.2014218009478673
3 0.20279720279720279 0.2843601895734597 0.20454545454545456 0.26066350710900477 0.20804195804195805 0.22037914691943128 0.21328671328671328 0.1943127962085308 0.2202797202797203 0.16350710900473933 0.19230769230769232 0.16350710900473933 0.1853146853146853 0.16587677725118483 0.16433566433566432 0.17772511848341233 0.1486013986013986 0.1943127962085308 0.13636363636363635 0.22274881516587677 0.13286713286713286 0.24881516587677724 0.20279720279720279 0.2843601895734597
18 0.08391608391608392 0.26540284360189575 0.08216783216783216 0.2890995260663507 0.09265734265734266 0.3009478672985782 0.0979020979020979 0.2772511848341232 0.08566433566433566 0.26066350710900477 0.08391608391608392 0.26540284360189575
12 0.534965034965035 0.36729857819905215 0.5874125874125874 0.4052132701421801 0.6451048951048951 0.43838862559241704 0.6730769230769231 0.44786729857819907 0.7185314685314685 0.4549763033175355 0.7727272727272727 0.45260663507109006 0.8181818181818182 0.44786729857819907 0.8618881118881119 0.4052132701421801 0.8863636363636364 0.37203791469194314 0.8583916083916084 0.33175355450236965 0.8146853146853147 0.3009478672985782 0.7902097902097902 0.3009478672985782 0.715034965034965 0.2914691943127962 0.6573426573426573 0.3056872037914692 0.5087412587412588 0.3412322274881517 0.534965034965035 0.36729857819905215
5 0.35664335664335667 0.3957345971563981 0.3548951048951049 0.471563981042654 0.3583916083916084 0.5853080568720379 0.35664335664335667 0.6137440758293838 0.38986013986013984 0.6374407582938388 0.38986013986013984 0.6161137440758294 0.3986013986013986 0.5639810426540285 0.4143356643356643 0.5355450236966824 0.4405594405594406 0.523696682464455 0.46678321678321677 0.542654028436019 0.493006993006993 0.5853080568720379 0.5192307692307693 0.5947867298578199 0.5297202797202797 0.590047393364929 0.5506993006993007 0.5829383886255924 0.5384615384615384 0.5639810426540285 0.534965034965035 0.5355450236966824 0.5681818181818182 0.5450236966824644 0.5891608391608392 0.54739336492891 0.6520979020979021 0.5545023696682464 0.736013986013986 0.5616113744075829 0.6206293706293706 0.46445497630331756 0.5227272727272727 0.4028436018957346 0.4562937062937063 0.3578199052132701 0.4143356643356643 0.3056872037914692 0.38636363636363635 0.3412322274881517 0.4125874125874126 0.3862559241706161 0.36363636363636365 0.35308056872037913 0.35664335664335667 0.3957345971563981
16 0.1660839160839161 0.46919431279620855 0.1520979020979021 0.4549763033175355 0.1486013986013986 0.4786729857819905 0.38286713286713286 0.6658767772511849 0.3951048951048951 0.6635071090047393 0.38461538461538464 0.6350710900473934 0.19055944055944055 0.490521327014218 0.1660839160839161 0.46919431279620855
1 0.21678321678321677 0.1966824644549763 0.22552447552447552 0.16113744075829384 0.22727272727272727 0.15165876777251186 0.1993006993006993 0.15165876777251186 0.18181818181818182 0.15639810426540285 0.16958041958041958 0.16350710900473933 0.1555944055944056 0.17772511848341233 0.1486013986013986 0.1872037914691943 0.13986013986013987 0.1990521327014218 0.1346153846153846 0.2156398104265403 0.13111888111888112 0.22985781990521326 0.12762237762237763 0.24170616113744076 0.12762237762237763 0.25355450236966826 0.1258741258741259 0.2725118483412322 0.12062937062937062 0.2938388625592417 0.12062937062937062 0.3222748815165877 0.12062937062937062 0.3412322274881517 0.12762237762237763 0.36018957345971564 0.13286713286713286 0.3791469194312796 0.1520979020979021 0.4549763033175355 0.20804195804195805 0.5023696682464455 0.19755244755244755 0.4099526066350711 0.19230769230769232 0.3578199052132701 0.19405594405594406 0.31516587677725116 0.20804195804195805 0.28672985781990523 0.21153846153846154 0.23696682464454977 0.21678321678321677 0.1966824644549763
7 0.19405594405594406 0.31990521327014215 0.19230769230769232 0.3578199052132701 0.20804195804195805 0.5023696682464455 0.35664335664335667 0.6137440758293838 0.34965034965034963 0.476303317535545 0.3513986013986014 0.3933649289099526 0.3583916083916084 0.37203791469194314 0.3618881118881119 0.35545023696682465 0.34615384615384615 0.25118483412322273 0.31993006993006995 0.2109004739336493 0.30244755244755245 0.1895734597156398 0.27797202797202797 0.16824644549763032 0.25524475524475526 0.15876777251184834 0.22727272727272727 0.15402843601895735 0.21678321678321677 0.1990521327014218 0.21153846153846154 0.23933649289099526 0.20804195804195805 0.28672985781990523 0.19405594405594406 0.31990521327014215
17 0.24825174825174826 0.13507109004739337 0.2744755244755245 0.13744075829383887 0.3006993006993007 0.14928909952606634 0.32167832167832167 0.16824644549763032 0.3688811188811189 0.16350710900473933 0.41083916083916083 0.15639810426540285 0.4458041958041958 0.15639810426540285 0.486013986013986 0.15876777251184834 0.5262237762237763 0.16350710900473933 0.5402097902097902 0.16113744075829384 0.5052447552447552 0.14454976303317535 0.46153846153846156 0.13507109004739337 0.4143356643356643 0.12796208530805686 0.3706293706293706 0.12559241706161137 0.32167832167832167 0.12559241706161137 0.26573426573426573 0.12559241706161137 0.22202797202797203 0.13270142180094788 0.24825174825174826 0.13507109004739337
15 0.13986013986013987 0.4075829383886256 0.13286713286713286 0.3767772511848341 0.12237762237762238 0.3412322274881517 0.12062937062937062 0.2938388625592417 0.12412587412587413 0.2796208530805687 0.12937062937062938 0.25355450236966826 0.12762237762237763 0.24170616113744076 0.11013986013986014 0.23459715639810427 0.09615384615384616 0.23933649289099526 0.08566433566433566 0.26066350710900477 0.0979020979020979 0.2772511848341232 0.09265734265734266 0.3009478672985782 0.10139860139860139 0.31516587677725116 0.10314685314685315 0.3293838862559242 0.10839160839160839 0.34360189573459715 0.11713286713286714 0.35545023696682465 0.13986013986013987 0.4075829383886256
0 0.08216783216783216 0.3175355450236967 0.08391608391608392 0.36255924170616116 0.08916083916083917 0.3767772511848341 0.09090909090909091 0.3909952606635071 0.0944055944055944 0.41232227488151657 0.0979020979020979 0.4194312796208531 0.0979020979020979 0.41232227488151657 0.09615384615384616 0.3981042654028436 0.09615384615384616 0.3862559241706161 0.0979020979020979 0.3744075829383886 0.0979020979020979 0.36255924170616116 0.10139860139860139 0.35071090047393366 0.10664335664335664 0.35071090047393366 0.11538461538461539 0.35308056872037913 0.10839160839160839 0.34360189573459715 0.10139860139860139 0.32701421800947866 0.10139860139860139 0.31516587677725116 0.09265734265734266 0.3009478672985782 0.08216783216783216 0.2890995260663507 0.08216783216783216 0.3175355450236967
6 0.5821678321678322 0.6018957345971564 0.5506993006993007 0.5829383886255924 0.5192307692307693 0.5947867298578199 0.493006993006993 0.5853080568720379 0.5052447552447552 0.6090047393364929 0.5262237762237763 0.6729857819905213 0.534965034965035 0.7227488151658767 0.5454545454545454 0.7606635071090048 0.5472027972027972 0.8056872037914692 0.6101398601398601 0.8459715639810427 0.6381118881118881 0.8530805687203792 0.6678321678321678 0.8388625592417062 0.6888111888111889 0.8317535545023697 0.736013986013986 0.8270142180094787 0.777972027972028 0.8151658767772512 0.8164335664335665 0.7962085308056872 0.8513986013986014 0.7701421800947867 0.8828671328671329 0.7488151658767772 0.9003496503496503 0.7345971563981043 0.9125874125874126 0.7203791469194313 0.9213286713286714 0.7085308056872038 0.9300699300699301 0.6919431279620853 0.9335664335664335 0.6706161137440758 0.9318181818181818 0.6540284360189573 0.9388111888111889 0.6350710900473934 0.9458041958041958 0.6208530805687204 0.9458041958041958 0.5687203791469194 0.9423076923076923 0.542654028436019 0.9370629370629371 0.509478672985782 0.9300699300699301 0.4881516587677725 0.916083916083916 0.46445497630331756 0.9125874125874126 0.471563981042654 0.9213286713286714 0.5 0.9248251748251748 0.5308056872037915 0.9055944055944056 0.514218009478673 0.9003496503496503 0.5616113744075829 0.8688811188811189 0.5924170616113744 0.8181818181818182 0.6161137440758294 0.784965034965035 0.6090047393364929 0.7657342657342657 0.5876777251184834 0.7604895104895105 0.590047393364929 0.7867132867132867 0.6350710900473934 0.743006993006993 0.6374407582938388 0.6923076923076923 0.6327014218009479 0.6206293706293706 0.6184834123222749 0.5821678321678322 0.6018957345971564
9 0.34440559440559443 0.28672985781990523 0.34265734265734266 0.34834123222748814 0.36013986013986016 0.35545023696682465 0.3706293706293706 0.36018957345971564 0.39335664335664333 0.3744075829383886 0.3968531468531469 0.36729857819905215 0.3916083916083916 0.35545023696682465 0.3776223776223776 0.32701421800947866 0.3618881118881119 0.3009478672985782 0.34615384615384615 0.27014218009478674 0.34440559440559443 0.28672985781990523