8 0.47329192546583854 0.6067653276955602 0.4509316770186335 0.6405919661733616 0.43478260869565216 0.6871035940803383 0.422360248447205 0.7505285412262156 0.41366459627329194 0.8097251585623678 0.3987577639751553 0.8414376321353065 0.41490683229813663 0.8498942917547568 0.4372670807453416 0.864693446088795 0.46335403726708074 0.864693446088795 0.4832298136645963 0.8477801268498943 0.5080745341614907 0.8202959830866807 0.529192546583851 0.7568710359408034 0.5391304347826087 0.6913319238900634 0.5354037267080746 0.627906976744186 0.5180124223602485 0.5940803382663847 0.4956521739130435 0.5835095137420718 0.47329192546583854 0.6067653276955602
2 0.7639751552795031 0.4608879492600423 0.7565217391304347 0.48625792811839325 0.7490683229813665 0.5243128964059197 0.7440993788819876 0.5708245243128964 0.7291925465838509 0.5835095137420718 0.7341614906832298 0.6131078224101479 0.7453416149068323 0.6131078224101479 0.760248447204969 0.6131078224101479 0.7714285714285715 0.5961945031712473 0.7813664596273292 0.5602536997885835 0.7875776397515528 0.5243128964059197 0.7850931677018633 0.47780126849894294 0.7751552795031056 0.4503171247357294 0.7639751552795031 0.4608879492600423
11 0.41490683229813663 0.5158562367864693 0.4236024844720497 0.4799154334038055 0.4236024844720497 0.4693446088794926 0.4012422360248447 0.46511627906976744 0.3440993788819876 0.49471458773784355 0.31801242236024846 0.5179704016913319 0.2968944099378882 0.5391120507399577 0.2819875776397516 0.5813953488372093 0.2670807453416149 0.6257928118393234 0.3093167701863354 0.6257928118393234 0.36149068322981365 0.6257928118393234 0.38633540372670805 0.6152219873150105 0.4 0.5602536997885835 0.41490683229813663 0.5158562367864693
10 0.19254658385093168 0.5560253699788583 0.18012422360248448 0.5708245243128964 0.1639751552795031 0.5708245243128964 0.15900621118012423 0.5517970401691332 0.15403726708074533 0.5285412262156448 0.1341614906832298 0.507399577167019 0.13788819875776398 0.5412262156448203 0.15403726708074533 0.5665961945031712 0.17142857142857143 0.5919661733615222 0.20496894409937888 0.5919661733615222 0.22608695652173913 0.6025369978858351 0.24347826086956523 0.6067653276955602 0.25093167701863356 0.5687103594080338 0.2186335403726708 0.5602536997885835 0.19254658385093168 0.5560253699788583
13 0.12173913043478261 0.6659619450317125 0.1515527950310559 0.6913319238900634 0.1937888198757764 0.7251585623678647 0.19875776397515527 0.6659619450317125 0.17763975155279504 0.653276955602537 0.14782608695652175 0.6342494714587738 0.11925465838509317 0.6088794926004228 0.12173913043478261 0.6659619450317125
5 0.5080745341614907 0.36152219873150104 0.4670807453416149 0.3974630021141649 0.4 0.46511627906976744 0.4236024844720497 0.4693446088794926 0.41490683229813663 0.5200845665961945 0.39627329192546584 0.5708245243128964 0.38633540372670805 0.6152219873150105 0.43850931677018634 0.5961945031712473 0.4745341614906832 0.5961945031712473 0.4956521739130435 0.5750528541226215 0.5242236024844721 0.572938689217759 0.5416149068322982 0.6046511627906976 0.5478260869565217 0.6469344608879493 0.5490683229813664 0.7019027484143763 0.55527950310559 0.6997885835095138 0.5577639751552795 0.6871035940803383 0.55527950310559 0.5813953488372093 0.5565217391304348 0.492600422832981 0.5515527950310559 0.4312896405919662 0.546583850931677 0.40380549682875266 0.5267080745341615 0.3784355179704017 0.5080745341614907 0.36152219873150104
12 0.3490683229813665 0.3678646934460888 0.3093167701863354 0.35517970401691334 0.26211180124223604 0.34249471458773784 0.22111801242236026 0.3678646934460888 0.18012422360248448 0.3953488372093023 0.14409937888198757 0.4355179704016913 0.14409937888198757 0.4693446088794926 0.16521739130434782 0.4904862579281184 0.19006211180124225 0.48414376321353064 0.21366459627329193 0.5200845665961945 0.2496894409937888 0.5348837209302325 0.2919254658385093 0.5391120507399577 0.3627329192546584 0.4820295983086681 0.3987577639751553 0.46723044397463004 0.47080745341614905 0.39323467230443976 0.4074534161490683 0.38054968287526425 0.3490683229813665 0.3678646934460888
20 0.45714285714285713 0.20084566596194503 0.40248447204968946 0.2029598308668076 0.34782608695652173 0.2558139534883721 0.29440993788819875 0.3086680761099366 0.27701863354037265 0.3298097251585624 0.3490683229813665 0.34460887949260044 0.4111801242236025 0.36152219873150104 0.45714285714285713 0.3763213530655391 0.48819875776397514 0.3763213530655391 0.5093167701863354 0.3488372093023256 0.5888198757763975 0.21141649048625794 0.5118012422360249 0.20507399577167018 0.45714285714285713 0.20084566596194503
17 0.6509316770186335 0.18816067653276955 0.7018633540372671 0.20084566596194503 0.7527950310559006 0.21775898520084566 0.7515527950310559 0.2029598308668076 0.7267080745341615 0.18181818181818182 0.698136645962733 0.16279069767441862 0.6546583850931676 0.1543340380549683 0.6124223602484472 0.16279069767441862 0.5639751552795031 0.1649048625792812 0.5080745341614907 0.160676532769556 0.44596273291925465 0.1649048625792812 0.40869565217391307 0.2029598308668076 0.4509316770186335 0.2029598308668076 0.4956521739130435 0.20507399577167018 0.5590062111801242 0.20930232558139536 0.6037267080745342 0.20930232558139536 0.6509316770186335 0.18816067653276955
7 0.55527950310559 0.6046511627906976 0.5590062111801242 0.6828752642706131 0.6658385093167701 0.6046511627906976 0.6770186335403726 0.5961945031712473 0.6795031055900621 0.507399577167019 0.684472049689441 0.4418604651162791 0.6857142857142857 0.3974630021141649 0.6819875776397516 0.34460887949260044 0.6670807453416149 0.19238900634249473 0.6298136645962733 0.20084566596194503 0.6037267080745342 0.2219873150105708 0.5850931677018634 0.2536997885835095 0.5677018633540373 0.28752642706131076 0.5527950310559007 0.321353065539112 0.5403726708074534 0.35306553911205074 0.5316770186335403 0.3784355179704017 0.5503105590062112 0.4080338266384778 0.55527950310559 0.492600422832981 0.55527950310559 0.6046511627906976
1 0.6782608695652174 0.5961945031712473 0.7391304347826086 0.547568710359408 0.7639751552795031 0.4418604651162791 0.7677018633540372 0.3699788583509514 0.7664596273291926 0.34460887949260044 0.760248447204969 0.3192389006342495 0.7503105590062111 0.3086680761099366 0.7490683229813665 0.28964059196617337 0.7440993788819876 0.2536997885835095 0.7354037267080745 0.2135306553911205 0.6993788819875777 0.19873150105708245 0.6708074534161491 0.19661733615221988 0.6857142857142857 0.34249471458773784 0.6782608695652174 0.5961945031712473
3 0.6795031055900621 0.34460887949260044 0.7440993788819876 0.3107822410147992 0.7341614906832298 0.2219873150105708 0.7204968944099379 0.2135306553911205 0.6906832298136646 0.2029598308668076 0.6708074534161491 0.2029598308668076 0.6745341614906832 0.266384778012685 0.6795031055900621 0.34460887949260044
9 0.5975155279503106 0.23255813953488372 0.5763975155279503 0.2727272727272727 0.55527950310559 0.3192389006342495 0.5316770186335403 0.3784355179704017 0.5478260869565217 0.40380549682875266 0.5714285714285714 0.38266384778012685 0.5701863354037268 0.35095137420718814 0.5850931677018634 0.3298097251585624 0.6124223602484472 0.3298097251585624 0.622360248447205 0.33403805496828753 0.6273291925465838 0.36363636363636365 0.6770186335403726 0.346723044397463 0.6658385093167701 0.20084566596194503 0.6298136645962733 0.20084566596194503 0.5975155279503106 0.23255813953488372
11 0.14037267080745341 0.4397463002114165 0.13291925465838508 0.4608879492600423 0.11801242236024845 0.49682875264270615 0.12298136645962733 0.5116279069767442 0.13167701863354037 0.48625792811839325 0.14409937888198757 0.46511627906976744 0.15031055900621118 0.4376321353065539 0.14037267080745341 0.4397463002114165
6 0.4012422360248447 0.6215644820295984 0.3701863354037267 0.6257928118393234 0.3316770186335404 0.6300211416490487 0.26583850931677017 0.6257928118393234 0.29440993788819875 0.5348837209302325 0.20248447204968945 0.5095137420718816 0.19006211180124225 0.4883720930232558 0.16645962732919253 0.492600422832981 0.1515527950310559 0.4820295983086681 0.14161490683229813 0.4714587737843552 0.12422360248447205 0.507399577167019 0.11055900621118013 0.5200845665961945 0.09813664596273292 0.5961945031712473 0.10434782608695652 0.6469344608879493 0.10434782608695652 0.653276955602537 0.10434782608695652 0.6553911205073996 0.11304347826086956 0.7103594080338267 0.17888198757763976 0.7885835095137421 0.24099378881987576 0.8308668076109936 0.3341614906832298 0.8435517970401691 0.4062111801242236 0.828752642706131 0.4186335403726708 0.7463002114164905 0.43975155279503103 0.678646934460888 0.45590062111801244 0.6321353065539113 0.47701863354037266 0.5983086680761099 0.44596273291925465 0.5983086680761099 0.4012422360248447 0.6215644820295984
14 0.5726708074534161 0.3488372093023256 0.5701863354037268 0.36152219873150104 0.5701863354037268 0.37209302325581395 0.5714285714285714 0.38477801268498946 0.5677018633540373 0.38477801268498946 0.5652173913043478 0.3953488372093023 0.5652173913043478 0.4059196617336152 0.5652173913043478 0.4186046511627907 0.568944099378882 0.42917547568710357 0.5739130434782609 0.427061310782241 0.5788819875776398 0.4249471458773784 0.5826086956521739 0.42071881606765327 0.5850931677018634 0.4059196617336152 0.5875776397515527 0.39323467230443976 0.5900621118012422 0.38477801268498946 0.5925465838509317 0.38266384778012685 0.6 0.38054968287526425 0.6086956521739131 0.3784355179704017 0.6173913043478261 0.3784355179704017 0.6248447204968944 0.3763213530655391 0.6260869565217392 0.37209302325581395 0.6260869565217392 0.36152219873150104 0.6273291925465838 0.3488372093023256 0.6248447204968944 0.3403805496828753 0.6198757763975156 0.33403805496828753 0.6149068322981367 0.3298097251585624 0.6049689440993788 0.3298097251585624 0.5962732919254659 0.3276955602536998 0.5875776397515527 0.3298097251585624 0.5788819875776398 0.3361522198731501 0.5726708074534161 0.3488372093023256
15 0.7552795031055901 0.3128964059196617 0.760248447204969 0.321353065539112 0.7677018633540372 0.346723044397463 0.7677018633540372 0.3678646934460888 0.7639751552795031 0.4439746300211416 0.7652173913043478 0.452431289640592 0.7714285714285715 0.4418604651162791 0.7763975155279503 0.4312896405919662 0.7850931677018633 0.4312896405919662 0.7875776397515528 0.4397463002114165 0.7888198757763976 0.4503171247357294 0.7913043478260869 0.4439746300211416 0.7950310559006211 0.41014799154334036 0.7962732919254658 0.3763213530655391 0.7962732919254658 0.34249471458773784 0.7950310559006211 0.3150105708245243 0.7863354037267081 0.3086680761099366 0.782608695652174 0.29809725158562367 0.7652173913043478 0.3023255813953488 0.7639751552795031 0.3086680761099366 0.7552795031055901 0.3128964059196617
3 0.7527950310559006 0.28118393234672306 0.7552795031055901 0.3044397463002114 0.760248447204969 0.3023255813953488 0.7590062111801242 0.24101479915433405 0.7403726708074534 0.226215644820296 0.7490683229813665 0.25792811839323465 0.7527950310559006 0.28118393234672306
16 0.5540372670807453 0.7124735729386892 0.7391304347826086 0.5708245243128964 0.7428571428571429 0.5496828752642706 0.7391304347826086 0.5496828752642706 0.55527950310559 0.6849894291754757 0.5540372670807453 0.7124735729386892