5 0.3952380952380952 0.6021052631578947 0.4 0.5663157894736842 0.4095238095238095 0.5452631578947369 0.41904761904761906 0.5305263157894737 0.4365079365079365 0.5157894736842106 0.4714285714285714 0.511578947368421 0.4888888888888889 0.511578947368421 0.5142857142857142 0.5136842105263157 0.5682539682539682 0.5831578947368421 0.6460317460317461 0.5873684210526315 0.6746031746031746 0.5410526315789473 0.7158730158730159 0.5263157894736842 0.7095238095238096 0.5136842105263157 0.638095238095238 0.4694736842105263 0.5031746031746032 0.4189473684210526 0.4444444444444444 0.4 0.373015873015873 0.3873684210526316 0.35079365079365077 0.3894736842105263 0.33174603174603173 0.3873684210526316 0.32222222222222224 0.44842105263157894 0.32222222222222224 0.45473684210526316 0.32857142857142857 0.5768421052631579 0.33174603174603173 0.6231578947368421 0.3984126984126984 0.6589473684210526 0.3952380952380952 0.6021052631578947
16 0.1634920634920635 0.5452631578947369 0.16507936507936508 0.5684210526315789 0.4142857142857143 0.7010526315789474 0.4 0.6610526315789473 0.1634920634920635 0.5452631578947369
9 0.29523809523809524 0.3094736842105263 0.2714285714285714 0.27157894736842103 0.26031746031746034 0.26526315789473687 0.22063492063492063 0.26105263157894737 0.20793650793650795 0.26526315789473687 0.19206349206349208 0.27157894736842103 0.17777777777777778 0.27789473684210525 0.1761904761904762 0.2968421052631579 0.1746031746031746 0.3263157894736842 0.1746031746031746 0.3452631578947368 0.1761904761904762 0.35578947368421054 0.2920634920634921 0.3726315789473684 0.2920634920634921 0.3368421052631579 0.29523809523809524 0.3094736842105263
3 0.16825396825396827 0.35368421052631577 0.173015873015873 0.28421052631578947 0.14444444444444443 0.3431578947368421 0.16825396825396827 0.35368421052631577
7 0.1492063492063492 0.3957894736842105 0.15079365079365079 0.42736842105263156 0.15555555555555556 0.4463157894736842 0.1619047619047619 0.47789473684210526 0.16507936507936508 0.5031578947368421 0.173015873015873 0.5284210526315789 0.18253968253968253 0.5557894736842105 0.33174603174603173 0.6231578947368421 0.32222222222222224 0.45052631578947366 0.33174603174603173 0.3894736842105263 0.35555555555555557 0.3894736842105263 0.3047619047619048 0.28842105263157897 0.2777777777777778 0.2463157894736842 0.1761904761904762 0.28210526315789475 0.16666666666666666 0.35368421052631577 0.15396825396825398 0.3726315789473684 0.1492063492063492 0.3957894736842105
2 0.13015873015873017 0.5978947368421053 0.1523809523809524 0.6021052631578947 0.16666666666666666 0.5957894736842105 0.17777777777777778 0.5747368421052632 0.16507936507936508 0.5684210526315789 0.16507936507936508 0.56 0.15873015873015872 0.5557894736842105 0.15873015873015872 0.5410526315789473 0.14761904761904762 0.5263157894736842 0.1365079365079365 0.49473684210526314 0.1111111111111111 0.44 0.1 0.42947368421052634 0.09365079365079365 0.4357894736842105 0.08571428571428572 0.45473684210526316 0.08412698412698413 0.48210526315789476 0.0873015873015873 0.5136842105263157 0.09206349206349207 0.5326315789473685 0.10634920634920635 0.5810526315789474 0.13015873015873017 0.5978947368421053
8 0.5079365079365079 0.8231578947368421 0.526984126984127 0.8294736842105264 0.5571428571428572 0.8168421052631579 0.5761904761904761 0.8021052631578948 0.6047619047619047 0.7726315789473684 0.6174603174603175 0.7326315789473684 0.5936507936507937 0.6610526315789473 0.5619047619047619 0.6 0.5857142857142857 0.6 0.5650793650793651 0.5789473684210527 0.5111111111111111 0.5157894736842106 0.473015873015873 0.5157894736842106 0.4396825396825397 0.5389473684210526 0.4222222222222222 0.5642105263157895 0.4142857142857143 0.5852631578947368 0.4111111111111111 0.6147368421052631 0.4111111111111111 0.6463157894736842 0.4142857142857143 0.6736842105263158 0.4222222222222222 0.7073684210526315 0.4380952380952381 0.7536842105263157 0.4650793650793651 0.791578947368421 0.48095238095238096 0.8042105263157895 0.5079365079365079 0.8231578947368421
11 0.665079365079365 0.6147368421052631 0.7063492063492064 0.6063157894736843 0.7587301587301587 0.5915789473684211 0.7619047619047619 0.5810526315789474 0.7873015873015873 0.5410526315789473 0.7984126984126985 0.5178947368421053 0.7968253968253968 0.511578947368421 0.7142857142857143 0.5284210526315789 0.6746031746031746 0.5410526315789473 0.6444444444444445 0.5894736842105263 0.6523809523809524 0.6042105263157894 0.6587301587301587 0.608421052631579 0.6587301587301587 0.6126315789473684 0.665079365079365 0.6147368421052631
12 0.8095238095238095 0.5094736842105263 0.8682539682539683 0.48210526315789476 0.9158730158730158 0.4589473684210526 0.9301587301587302 0.4357894736842105 0.9222222222222223 0.4168421052631579 0.873015873015873 0.3894736842105263 0.8269841269841269 0.3705263157894737 0.792063492063492 0.35789473684210527 0.7476190476190476 0.3473684210526316 0.6698412698412698 0.33263157894736844 0.6190476190476191 0.3263157894736842 0.6031746031746031 0.3263157894736842 0.5714285714285714 0.3263157894736842 0.5317460317460317 0.33473684210526317 0.49206349206349204 0.3431578947368421 0.46984126984126984 0.35368421052631577 0.45555555555555555 0.3663157894736842 0.3761904761904762 0.3873684210526316 0.44761904761904764 0.40210526315789474 0.5571428571428572 0.4378947368421053 0.6142857142857143 0.4589473684210526 0.665079365079365 0.4842105263157895 0.7111111111111111 0.5136842105263157 0.7158730158730159 0.5263157894736842 0.8095238095238095 0.5094736842105263
13 0.9095238095238095 0.6568421052631579 0.946031746031746 0.6252631578947369 0.9444444444444444 0.5642105263157895 0.9317460317460318 0.5852631578947368 0.9142857142857143 0.5957894736842105 0.9079365079365079 0.6357894736842106 0.9095238095238095 0.6568421052631579
6 0.8015873015873016 0.5136842105263157 0.7571428571428571 0.5915789473684211 0.6571428571428571 0.6189473684210526 0.6587301587301587 0.6063157894736843 0.5619047619047619 0.6021052631578947 0.5857142857142857 0.6442105263157895 0.6031746031746031 0.6842105263157895 0.6174603174603175 0.7347368421052631 0.6253968253968254 0.7747368421052632 0.6301587301587301 0.7873684210526316 0.6793650793650794 0.8 0.7253968253968254 0.7936842105263158 0.7825396825396825 0.7726315789473684 0.8428571428571429 0.7410526315789474 0.873015873015873 0.7178947368421053 0.8968253968253969 0.6926315789473684 0.9111111111111111 0.6694736842105263 0.9126984126984127 0.6547368421052632 0.9095238095238095 0.6568421052631579 0.9079365079365079 0.6357894736842106 0.9142857142857143 0.5957894736842105 0.9333333333333333 0.5852631578947368 0.9444444444444444 0.5642105263157895 0.9492063492063492 0.5389473684210526 0.9476190476190476 0.511578947368421 0.9238095238095239 0.48210526315789476 0.9112058746031746 0.46956794947368424 0.9142857142857143 0.4589473684210526 0.8952380952380953 0.4694736842105263 0.8015873015873016 0.5136842105263157
20 0.4587301587301587 0.3642105263157895 0.473015873015873 0.3473684210526316 0.5428571428571428 0.33263157894736844 0.5984126984126984 0.3263157894736842 0.5 0.23789473684210527 0.48253968253968255 0.23789473684210527 0.44285714285714284 0.23789473684210527 0.3888888888888889 0.24210526315789474 0.3349206349206349 0.24842105263157896 0.2920634920634921 0.25473684210526315 0.35873015873015873 0.3873684210526316 0.3746031746031746 0.38526315789473686 0.4587301587301587 0.3642105263157895
15 0.0873015873015873 0.4421052631578947 0.0873015873015873 0.42526315789473684 0.09365079365079365 0.4231578947368421 0.1 0.4231578947368421 0.1111111111111111 0.4421052631578947 0.11428571428571428 0.4442105263157895 0.14761904761904762 0.5263157894736842 0.15873015873015872 0.5410526315789473 0.15873015873015872 0.5557894736842105 0.16507936507936508 0.56 0.1634920634920635 0.5452631578947369 0.18253968253968253 0.5536842105263158 0.1634920634920635 0.5010526315789474 0.1619047619047619 0.47789473684210526 0.1492063492063492 0.42526315789473684 0.1492063492063492 0.3957894736842105 0.1523809523809524 0.3726315789473684 0.16666666666666666 0.35157894736842105 0.10952380952380952 0.3368421052631579 0.09841269841269841 0.33473684210526317 0.07301587301587302 0.3368421052631579 0.06031746031746032 0.3452631578947368 0.05555555555555555 0.37473684210526315 0.05873015873015873 0.40421052631578946 0.06984126984126984 0.44 0.08412698412698413 0.4568421052631579 0.0873015873015873 0.4421052631578947
0 0.08571428571428572 0.4568421052631579 0.07936507936507936 0.45473684210526316 0.06984126984126984 0.44 0.05873015873015873 0.40210526315789474 0.06349206349206349 0.4336842105263158 0.07301587301587302 0.47157894736842104 0.08571428571428572 0.49894736842105264 0.08412698412698413 0.48210526315789476 0.08571428571428572 0.4568421052631579
17 0.27936507936507937 0.2463157894736842 0.2904761904761905 0.25263157894736843 0.34444444444444444 0.24210526315789474 0.4158730158730159 0.23578947368421052 0.48412698412698413 0.2336842105263158 0.45714285714285713 0.22526315789473683 0.31746031746031744 0.21894736842105264 0.25873015873015875 0.22736842105263158 0.23333333333333334 0.2336842105263158 0.19206349206349208 0.24421052631578946 0.16666666666666666 0.25473684210526315 0.27936507936507937 0.2463157894736842
19 0.11904761904761904 0.32210526315789473 0.11587301587301588 0.32210526315789473 0.10158730158730159 0.32421052631578945 0.08095238095238096 0.33263157894736844 0.08095238095238096 0.3368421052631579 0.09841269841269841 0.33473684210526317 0.10317460317460317 0.33473684210526317 0.1111111111111111 0.3368421052631579 0.11904761904761904 0.32210526315789473
10 0.8650793650793651 0.5389473684210526 0.8746031746031746 0.4926315789473684 0.8317460317460318 0.5221052631578947 0.8142857142857143 0.5684210526315789 0.8650793650793651 0.5389473684210526
10 0.9015873015873016 0.5052631578947369 0.9063492063492063 0.47578947368421054 0.8952380952380953 0.4842105263157895 0.8841269841269841 0.5157894736842106 0.9015873015873016 0.5052631578947369