19 0.6027874564459931 0.5667447306791569 0.6202090592334495 0.6346604215456675 0.7369337979094077 0.585480093676815 0.7439024390243902 0.6182669789227166 0.7456445993031359 0.6557377049180327 0.7299651567944251 0.6908665105386417 0.759581881533101 0.6838407494145199 0.8432055749128919 0.6463700234192038 0.9146341463414634 0.594847775175644 0.9128919860627178 0.5152224824355972 0.980836236933798 0.4707259953161593 0.9634146341463414 0.4215456674473068 0.8710801393728222 0.3957845433255269 0.8101045296167247 0.3747072599531616 0.7682926829268293 0.40046838407494145 0.6550522648083623 0.4449648711943794 0.524390243902439 0.47306791569086654 0.45818815331010454 0.48009367681498827 0.45993031358885017 0.49414519906323184 0.5331010452961672 0.531615925058548 0.6027874564459931 0.5667447306791569
18 0.5365853658536586 0.6487119437939111 0.5278745644599303 0.6814988290398126 0.5278745644599303 0.7283372365339579 0.5644599303135889 0.7400468384074942 0.6062717770034843 0.7353629976580797 0.6637630662020906 0.711943793911007 0.7334494773519163 0.6838407494145199 0.7456445993031359 0.6557377049180327 0.7456445993031359 0.6276346604215457 0.7334494773519163 0.5901639344262295 0.6149825783972126 0.6346604215456675 0.5818815331010453 0.639344262295082 0.5505226480836237 0.6370023419203747 0.5365853658536586 0.6487119437939111
18 0.9128919860627178 0.5526932084309133 0.9181184668989547 0.5925058548009368 0.9285714285714286 0.585480093676815 0.9529616724738676 0.5737704918032787 0.9790940766550522 0.5550351288056206 0.9843205574912892 0.531615925058548 0.9912891986062717 0.5035128805620609 0.9825783972125436 0.47540983606557374 0.9442508710801394 0.49414519906323184 0.9163763066202091 0.5152224824355972 0.9128919860627178 0.5526932084309133
17 0.554006968641115 0.24121779859484777 0.6358885017421603 0.22716627634660422 0.6027874564459931 0.2107728337236534 0.5296167247386759 0.20374707259953162 0.4616724738675958 0.2107728337236534 0.4094076655052265 0.2154566744730679 0.3501742160278746 0.2224824355971897 0.30313588850174217 0.22950819672131148 0.2735191637630662 0.23185011709601874 0.32752613240418116 0.2459016393442623 0.3641114982578397 0.2646370023419204 0.39198606271777003 0.27634660421545665 0.45818815331010454 0.25995316159250587 0.554006968641115 0.24121779859484777
16 0.2700348432055749 0.6627634660421545 0.17247386759581881 0.5620608899297423 0.15505226480836237 0.5526932084309133 0.1951219512195122 0.594847775175644 0.31881533101045295 0.7306791569086651 0.31881533101045295 0.7142857142857143 0.2700348432055749 0.6627634660421545
5 0.10104529616724739 0.3864168618266979 0.09407665505226481 0.4098360655737705 0.09528943031358886 0.4302146533957846 0.10627177700348432 0.4238875878220141 0.11672473867595819 0.4309133489461358 0.12020905923344948 0.40046838407494145 0.10104529616724739 0.3864168618266979
14 0.10627177700348432 0.3864168618266979 0.12020905923344948 0.3957845433255269 0.13937282229965156 0.38875878220140514 0.14982578397212543 0.37236533957845436 0.1445993031358885 0.34894613583138173 0.13066202090592335 0.34894613583138173 0.10627177700348432 0.3629976580796253 0.10627177700348432 0.3864168618266979
8 0.10104529616724739 0.43559718969555034 0.10278745644599303 0.4964871194379391 0.11149825783972125 0.5433255269320844 0.12369337979094076 0.5737704918032787 0.13588850174216027 0.5761124121779859 0.1602787456445993 0.5761124121779859 0.15853658536585366 0.5573770491803278 0.1480836236933798 0.5292740046838408 0.13588850174216027 0.49882903981264637 0.12369337979094076 0.45433255269320844 0.11672473867595819 0.4309133489461358 0.10104529616724739 0.43559718969555034
7 0.2264808362369338 0.4098360655737705 0.24738675958188153 0.3325526932084309 0.27526132404181186 0.2505854800936768 0.26480836236933797 0.24824355971896955 0.23344947735191637 0.2505854800936768 0.20905923344947736 0.27400468384074944 0.18466898954703834 0.3044496487119438 0.156794425087108 0.34894613583138173 0.15156794425087108 0.38173302107728335 0.12369337979094076 0.40046838407494145 0.12020905923344948 0.4332552693208431 0.13937282229965156 0.49882903981264637 0.14634146341463414 0.5245901639344263 0.15853658536585366 0.5480093676814989 0.23344947735191637 0.6182669789227166 0.21951219512195122 0.5737704918032787 0.21602787456445993 0.5339578454332553 0.20905923344947736 0.4894613583138173 0.21254355400696864 0.45433255269320844 0.21951219512195122 0.4238875878220141 0.2264808362369338 0.4098360655737705
15 0.3397212543554007 0.5573770491803278 0.30139372822299654 0.6112412177985949 0.3118466898954704 0.702576112412178 0.3170731707317073 0.6885245901639344 0.31010452961672474 0.65807962529274 0.3118466898954704 0.6229508196721312 0.32926829268292684 0.594847775175644 0.3554006968641115 0.6182669789227166 0.39198606271777003 0.6721311475409836 0.42857142857142855 0.6932084309133489 0.5261324041811847 0.7681498829039812 0.5853658536585366 0.7798594847775175 0.6602787456445993 0.7540983606557377 0.6550522648083623 0.7166276346604216 0.5644599303135889 0.7447306791569087 0.5278745644599303 0.7236533957845434 0.5261324041811847 0.6744730679156908 0.5331010452961672 0.6463700234192038 0.5522648083623694 0.6370023419203747 0.6202090592334495 0.6323185011709602 0.5993031358885017 0.5667447306791569 0.4564459930313589 0.49414519906323184 0.4547038327526132 0.48009367681498827 0.4337979094076655 0.48009367681498827 0.4076655052264808 0.4613583138173302 0.3989547038327526 0.4519906323185012 0.35714285714285715 0.44028103044496486 0.3397212543554007 0.48009367681498827 0.3397212543554007 0.5573770491803278
4 0.5679442508710801 0.46604215456674475 0.6341463414634146 0.44730679156908665 0.7020905923344948 0.4262295081967213 0.7787456445993032 0.3981264637002342 0.7961672473867596 0.3747072599531616 0.7560975609756098 0.34894613583138173 0.7212543554006968 0.3044496487119438 0.6794425087108014 0.2576112412177986 0.6428571428571429 0.22950819672131148 0.5470383275261324 0.24824355971896955 0.4372822299651568 0.26697892271662765 0.38153310104529614 0.2786885245901639 0.38153310104529614 0.3395784543325527 0.39198606271777003 0.4098360655737705 0.4059233449477352 0.45901639344262296 0.4372822299651568 0.48009367681498827 0.4686411149825784 0.48009367681498827 0.5679442508710801 0.46604215456674475
2 0.3310104529616725 0.6370023419203747 0.32229965156794427 0.6604215456674473 0.3170731707317073 0.6978922716627635 0.31881533101045295 0.7353629976580797 0.32578397212543553 0.7822014051522248 0.343205574912892 0.8407494145199064 0.3606271777003484 0.8758782201405152 0.3797909407665505 0.8992974238875878 0.3989547038327526 0.8969555035128806 0.42334494773519166 0.8899297423887588 0.44773519163763065 0.8782201405152225 0.4337979094076655 0.8688524590163934 0.42334494773519166 0.8501170960187353 0.4163763066202091 0.8079625292740047 0.4163763066202091 0.7564402810304449 0.40069686411149824 0.7049180327868853 0.3832752613240418 0.6651053864168618 0.3588850174216028 0.6370023419203747 0.3310104529616725 0.6370023419203747
1 0.26480836236933797 0.2857142857142857 0.23344947735191637 0.3793911007025761 0.21777003484320556 0.43559718969555034 0.20905923344947736 0.4918032786885246 0.21602787456445993 0.5339578454332553 0.23344947735191637 0.6229508196721312 0.3205574912891986 0.7049180327868853 0.3118466898954704 0.6885245901639344 0.30313588850174217 0.6533957845433255 0.30313588850174217 0.6182669789227166 0.3153310104529617 0.5901639344262295 0.33797909407665505 0.5573770491803278 0.3397212543554007 0.477751756440281 0.3554006968641115 0.4238875878220141 0.3588850174216028 0.33489461358313816 0.35365853658536583 0.2927400468384075 0.3519163763066202 0.2693208430913349 0.3153310104529617 0.2529274004683841 0.28222996515679444 0.24824355971896955 0.26480836236933797 0.2857142857142857
0 0.4059233449477352 0.6885245901639344 0.4094076655052265 0.7189695550351288 0.41986062717770034 0.7892271662763466 0.4268292682926829 0.8360655737704918 0.445993031358885 0.8618266978922716 0.4651567944250871 0.8594847775175644 0.5052264808362369 0.8899297423887588 0.5470383275261324 0.927400468384075 0.5801393728222997 0.9437939110070258 0.6202090592334495 0.9391100702576113 0.7020905923344948 0.9016393442622951 0.8344947735191638 0.8243559718969555 0.9111498257839721 0.7798594847775175 0.9425087108013938 0.747072599531616 0.9651567944250871 0.7259953161592506 0.975609756097561 0.6978922716627635 0.9947735191637631 0.667447306791569 0.9965156794425087 0.6276346604215457 0.9965156794425087 0.5878220140515222 0.9790940766550522 0.5620608899297423 0.9547038327526133 0.5784543325526932 0.9163763066202091 0.594847775175644 0.8519163763066202 0.6416861826697893 0.7752613240418118 0.6768149882903981 0.7264808362369338 0.6932084309133489 0.6602787456445993 0.7236533957845434 0.662020905923345 0.7564402810304449 0.5836236933797909 0.7798594847775175 0.524390243902439 0.7681498829039812 0.4337979094076655 0.6978922716627635 0.4059233449477352 0.6885245901639344
3 0.3501742160278746 0.4238875878220141 0.34668989547038326 0.2927400468384075 0.34146341463414637 0.2786885245901639 0.32229965156794427 0.3395784543325527 0.3083623693379791 0.4028103044496487 0.3048780487804878 0.45433255269320844 0.33797909407665505 0.4707259953161593 0.3501742160278746 0.4238875878220141
3 0.30662020905923343 0.3864168618266979 0.32229965156794427 0.3161592505854801 0.3362369337979094 0.2716627634660422 0.28222996515679444 0.25526932084309134 0.26306620209059234 0.30210772833723654 0.24738675958188153 0.35362997658079626 0.23519163763066203 0.4215456674473068 0.2613240418118467 0.43559718969555034 0.2961672473867596 0.4496487119437939 0.30662020905923343 0.3864168618266979
9 0.26306620209059234 0.2576112412177986 0.23693379790940766 0.25995316159250587 0.22822299651567945 0.26697892271662765 0.2073170731707317 0.2903981264637002 0.17770034843205576 0.33021077283372363 0.16898954703832753 0.35362997658079626 0.16550522648083624 0.38173302107728335 0.21602787456445993 0.40749414519906324 0.26306620209059234 0.2576112412177986