3 0.19686411149825783 0.2558139534883721 0.18466898954703834 0.26744186046511625 0.17421602787456447 0.2837209302325581 0.1759581881533101 0.313953488372093 0.18466898954703834 0.31627906976744186 0.18989547038327526 0.2837209302325581 0.19686411149825783 0.2558139534883721
3 0.25609756097560976 0.22790697674418606 0.2456445993031359 0.22790697674418606 0.23344947735191637 0.23255813953488372 0.21777003484320556 0.23953488372093024 0.2038327526132404 0.2534883720930233 0.1951219512195122 0.26976744186046514 0.18989547038327526 0.29767441860465116 0.18989547038327526 0.3186046511627907 0.2421602787456446 0.33488372093023255 0.25609756097560976 0.22790697674418606
8 0.5296167247386759 0.7534883720930232 0.5261324041811847 0.7186046511627907 0.519163763066202 0.6697674418604651 0.5052264808362369 0.6116279069767442 0.4912891986062718 0.5767441860465117 0.4721254355400697 0.5465116279069767 0.4651567944250871 0.5348837209302325 0.445993031358885 0.5325581395348837 0.41986062717770034 0.5441860465116279 0.4076655052264808 0.5604651162790698 0.397212543554007 0.5930232558139535 0.39372822299651566 0.6465116279069767 0.40069686411149824 0.7 0.4181184668989547 0.7511627906976744 0.43902439024390244 0.7837209302325582 0.45818815331010454 0.7953488372093023 0.4965156794425087 0.8046511627906977 0.5348432055749129 0.7767441860465116 0.5296167247386759 0.7534883720930232
15 0.15505226480836237 0.3023255813953488 0.13937282229965156 0.32558139534883723 0.13414634146341464 0.3488372093023256 0.1289198606271777 0.37906976744186044 0.1445993031358885 0.4069767441860465 0.14982578397212543 0.4069767441860465 0.17073170731707318 0.43023255813953487 0.1759581881533101 0.4697674418604651 0.18292682926829268 0.5 0.18641114982578397 0.49767441860465117 0.1794425087108014 0.4604651162790698 0.17247386759581881 0.4232558139534884 0.16202090592334495 0.40232558139534885 0.1602787456445993 0.3674418604651163 0.16898954703832753 0.34651162790697676 0.18292682926829268 0.3209302325581395 0.17421602787456447 0.3186046511627907 0.17247386759581881 0.2837209302325581 0.15505226480836237 0.3023255813953488
10 0.8902439024390244 0.4558139534883721 0.8763066202090593 0.4744186046511628 0.8449477351916377 0.5 0.7752613240418118 0.513953488372093 0.7160278745644599 0.5186046511627908 0.7578397212543554 0.5488372093023256 0.794425087108014 0.5720930232558139 0.8344947735191638 0.6162790697674418 0.8588850174216028 0.6069767441860465 0.8780487804878049 0.5930232558139535 0.9024390243902439 0.5674418604651162 0.9024390243902439 0.5441860465116279 0.9024390243902439 0.48604651162790696 0.9024390243902439 0.4697674418604651 0.89198606271777 0.43953488372093025 0.8902439024390244 0.4558139534883721
16 0.20557491289198607 0.5255813953488372 0.18815331010452963 0.49767441860465117 0.18292682926829268 0.49767441860465117 0.19337979094076654 0.5348837209302325 0.3710801393728223 0.6534883720930232 0.367595818815331 0.6302325581395349 0.20557491289198607 0.5255813953488372
7 0.2508710801393728 0.27674418604651163 0.2456445993031359 0.3395348837209302 0.22996515679442509 0.3883720930232558 0.22996515679442509 0.4255813953488372 0.22996515679442509 0.4744186046511628 0.23170731707317074 0.5441860465116279 0.2735191637630662 0.5720930232558139 0.3240418118466899 0.6069767441860465 0.367595818815331 0.6302325581395349 0.3693379790940767 0.5488372093023256 0.37282229965156793 0.4511627906976744 0.37630662020905925 0.37906976744186044 0.37630662020905925 0.3395348837209302 0.35365853658536583 0.29069767441860467 0.3397212543554007 0.2651162790697674 0.313588850174216 0.23255813953488372 0.289198606271777 0.22325581395348837 0.259581881533101 0.22093023255813954 0.2508710801393728 0.27674418604651163
17 0.4930313588850174 0.2116279069767442 0.5487804878048781 0.2186046511627907 0.47560975609756095 0.19767441860465115 0.41114982578397213 0.1930232558139535 0.3554006968641115 0.1930232558139535 0.29094076655052264 0.19767441860465115 0.259581881533101 0.20465116279069767 0.29442508710801396 0.20465116279069767 0.31881533101045295 0.2069767441860465 0.32752613240418116 0.2186046511627907 0.41114982578397213 0.20930232558139536 0.4930313588850174 0.2116279069767442
14 0.3048780487804878 0.36046511627906974 0.32926829268292684 0.3697674418604651 0.37630662020905925 0.37906976744186044 0.3780487804878049 0.3697674418604651 0.37630662020905925 0.3511627906976744 0.3641114982578397 0.3395348837209302 0.3519163763066202 0.3186046511627907 0.34668989547038326 0.3116279069767442 0.3240418118466899 0.3116279069767442 0.29965156794425085 0.32790697674418606 0.3048780487804878 0.36046511627906974
0 0.12717770034843207 0.43953488372093025 0.1445993031358885 0.4906976744186046 0.1445993031358885 0.43953488372093025 0.14285714285714285 0.42093023255813955 0.1445993031358885 0.4069767441860465 0.12717770034843207 0.3767441860465116 0.12717770034843207 0.43953488372093025
6 0.4808362369337979 0.5604651162790698 0.5 0.5930232558139535 0.5156794425087108 0.6488372093023256 0.5261324041811847 0.7093023255813954 0.5296167247386759 0.7534883720930232 0.5348432055749129 0.7744186046511627 0.5923344947735192 0.7976744186046512 0.6533101045296167 0.7976744186046512 0.705574912891986 0.7976744186046512 0.7682926829268293 0.7976744186046512 0.7839721254355401 0.7906976744186046 0.7961672473867596 0.772093023255814 0.8310104529616724 0.7511627906976744 0.8763066202090593 0.713953488372093 0.9111498257839721 0.6790697674418604 0.9250871080139372 0.6651162790697674 0.926829268292683 0.6534883720930232 0.9163763066202091 0.6302325581395349 0.9198606271777003 0.6116279069767442 0.921602787456446 0.5744186046511628 0.9181184668989547 0.5255813953488372 0.9041811846689896 0.4790697674418605 0.9041811846689896 0.5093023255813953 0.9024390243902439 0.5697674418604651 0.8885017421602788 0.586046511627907 0.8554006968641115 0.6116279069767442 0.8344947735191638 0.6139534883720931 0.8257839721254355 0.6069767441860465 0.7926829268292683 0.5720930232558139 0.7560975609756098 0.5976744186046512 0.6898954703832753 0.5930232558139535 0.6376306620209059 0.5767441860465117 0.5975609756097561 0.5627906976744186 0.5871080139372822 0.5465116279069767 0.5679442508710801 0.5581395348837209 0.5 0.5441860465116279 0.46689895470383275 0.5395348837209303 0.4808362369337979 0.5604651162790698
5 0.3885017421602787 0.3744186046511628 0.38153310104529614 0.37906976744186044 0.37456445993031356 0.3813953488372093 0.3710801393728223 0.46511627906976744 0.3693379790940767 0.5046511627906977 0.367595818815331 0.5511627906976744 0.367595818815331 0.6302325581395349 0.3693379790940767 0.6441860465116279 0.38153310104529614 0.6581395348837209 0.3797909407665505 0.6023255813953489 0.38501742160278746 0.5651162790697675 0.3989547038327526 0.5441860465116279 0.4094076655052265 0.5325581395348837 0.4163763066202091 0.513953488372093 0.44947735191637633 0.5069767441860465 0.4721254355400697 0.5255813953488372 0.47735191637630664 0.5348837209302325 0.5766550522648084 0.5534883720930233 0.5853658536585366 0.541860465116279 0.5679442508710801 0.5069767441860465 0.554006968641115 0.4720930232558139 0.5609756097560976 0.4697674418604651 0.578397212543554 0.4720930232558139 0.5836236933797909 0.46511627906976744 0.5749128919860628 0.4558139534883721 0.49825783972125437 0.42790697674418604 0.4442508710801394 0.4069767441860465 0.44076655052264807 0.39767441860465114 0.43031358885017423 0.3558139534883721 0.4163763066202091 0.35348837209302325 0.39198606271777003 0.3209302325581395 0.3832752613240418 0.3488372093023256 0.3885017421602787 0.3744186046511628
12 0.4442508710801394 0.40930232558139534 0.5958188153310104 0.4604651162790698 0.6846689895470384 0.4883720930232558 0.7770034843205574 0.49767441860465117 0.8432055749128919 0.48372093023255813 0.8780487804878049 0.4627906976744186 0.8902439024390244 0.4511627906976744 0.8885017421602788 0.4232558139534884 0.8536585365853658 0.39069767441860465 0.8083623693379791 0.3581395348837209 0.759581881533101 0.3372093023255814 0.6951219512195121 0.32325581395348835 0.6689895470383276 0.3302325581395349 0.6289198606271778 0.3395348837209302 0.5714285714285714 0.3488372093023256 0.5052264808362369 0.35348837209302325 0.43031358885017423 0.35348837209302325 0.44076655052264807 0.3930232558139535 0.4442508710801394 0.40930232558139534
2 0.1480836236933798 0.4511627906976744 0.14634146341463414 0.4813953488372093 0.1480836236933798 0.5093023255813953 0.15331010452961671 0.5372093023255814 0.16376306620209058 0.5604651162790698 0.1759581881533101 0.5697674418604651 0.1916376306620209 0.5720930232558139 0.2038327526132404 0.5674418604651162 0.21080139372822299 0.5581395348837209 0.21254355400696864 0.5465116279069767 0.20209059233449478 0.5372093023255814 0.18989547038327526 0.5302325581395348 0.18344947735191638 0.5044186046511628 0.1759581881533101 0.4790697674418605 0.17247386759581881 0.45348837209302323 0.17073170731707318 0.4325581395348837 0.16376306620209058 0.4255813953488372 0.15331010452961671 0.43023255813953487 0.1480836236933798 0.4511627906976744
11 0.5940766550522648 0.5534883720930233 0.6289198606271778 0.5720930232558139 0.7003484320557491 0.5906976744186047 0.7578397212543554 0.5953488372093023 0.789198606271777 0.5720930232558139 0.686411149825784 0.5023255813953489 0.6306620209059234 0.4906976744186046 0.5818815331010453 0.4744186046511628 0.5557491289198606 0.47674418604651164 0.5940766550522648 0.5534883720930233
1 0.16202090592334495 0.4 0.17247386759581881 0.4232558139534884 0.18466898954703834 0.4697674418604651 0.1951219512195122 0.513953488372093 0.2038327526132404 0.5255813953488372 0.23170731707317074 0.5441860465116279 0.22996515679442509 0.4558139534883721 0.22996515679442509 0.3930232558139535 0.24390243902439024 0.34418604651162793 0.259581881533101 0.22325581395348837 0.24390243902439024 0.2255813953488372 0.22996515679442509 0.2302325581395349 0.21254355400696864 0.23953488372093024 0.20034843205574912 0.2534883720930233 0.18989547038327526 0.27906976744186046 0.18641114982578397 0.3186046511627907 0.17421602787456447 0.33488372093023255 0.1602787456445993 0.3674418604651163 0.16202090592334495 0.4
9 0.3205574912891986 0.24883720930232558 0.2961672473867596 0.23255813953488372 0.2665505226480836 0.22790697674418606 0.2578397212543554 0.28837209302325584 0.25435540069686413 0.34186046511627904 0.34843205574912894 0.3674418604651163 0.3501742160278746 0.29767441860465116 0.3205574912891986 0.24883720930232558
20 0.35365853658536583 0.2534883720930233 0.38501742160278746 0.30465116279069765 0.4076655052264808 0.34418604651162793 0.4181184668989547 0.35348837209302325 0.45121951219512196 0.3558139534883721 0.5296167247386759 0.35348837209302325 0.5993031358885017 0.34418604651162793 0.6637630662020906 0.3325581395348837 0.6794425087108014 0.32558139534883723 0.6498257839721254 0.29767441860465116 0.5801393728222997 0.2372093023255814 0.5505226480836237 0.2186046511627907 0.5278745644599303 0.21627906976744185 0.4895470383275261 0.2116279069767442 0.4372822299651568 0.20930232558139536 0.3832752613240418 0.2116279069767442 0.3327526132404181 0.2186046511627907 0.35365853658536583 0.2534883720930233