18 0.43205574912891986 0.37616822429906543 0.4547038327526132 0.441588785046729 0.4930313588850174 0.5023364485981309 0.519163763066202 0.530373831775701 0.5574912891986062 0.5257009345794392 0.6254355400696864 0.530373831775701 0.7038327526132404 0.5210280373831776 0.6933797909407665 0.4929906542056075 0.6567944250871081 0.42289719626168226 0.627177700348432 0.3855140186915888 0.5975609756097561 0.3598130841121495 0.5679442508710801 0.34813084112149534 0.5087108013937283 0.3364485981308411 0.4564459930313589 0.3294392523364486 0.43205574912891986 0.37616822429906543
19 0.4616724738675958 0.2897196261682243 0.4616724738675958 0.32242990654205606 0.49825783972125437 0.3317757009345794 0.5644599303135889 0.3411214953271028 0.6149825783972126 0.3691588785046729 0.6794425087108014 0.45560747663551404 0.7177700348432056 0.5233644859813084 0.7526132404181185 0.5186915887850467 0.7839721254355401 0.5514018691588785 0.818815331010453 0.5397196261682243 0.872822299651568 0.5023364485981309 0.8832752613240418 0.4672897196261682 0.8902439024390244 0.4369158878504673 0.9006968641114983 0.397196261682243 0.9094076655052264 0.34579439252336447 0.9059233449477352 0.29439252336448596 0.8902439024390244 0.2733644859813084 0.8013937282229965 0.23598130841121495 0.7560975609756098 0.21495327102803738 0.7299651567944251 0.2219626168224299 0.6463414634146342 0.23598130841121495 0.5470383275261324 0.24299065420560748 0.46689895470383275 0.2523364485981308 0.4616724738675958 0.2897196261682243
17 0.48257839721254353 0.102803738317757 0.5331010452961672 0.10514018691588785 0.4616724738675958 0.08878504672897196 0.3693379790940767 0.0794392523364486 0.30313588850174217 0.0794392523364486 0.25261324041811845 0.0794392523364486 0.2979094076655052 0.09813084112149532 0.34494773519163763 0.1191588785046729 0.40069686411149824 0.10981308411214953 0.48257839721254353 0.102803738317757
16 0.18989547038327526 0.514018691588785 0.1602787456445993 0.48364485981308414 0.0975609756097561 0.4158878504672897 0.09407665505226481 0.42990654205607476 0.17421602787456447 0.5116822429906542 0.23344947735191637 0.5677570093457944 0.2700348432055749 0.616822429906542 0.2700348432055749 0.5841121495327103 0.18989547038327526 0.514018691588785
15 0.18989547038327526 0.29906542056074764 0.18292682926829268 0.36682242990654207 0.18292682926829268 0.441588785046729 0.18118466898954705 0.5 0.2665505226480836 0.5794392523364486 0.27526132404181186 0.5397196261682243 0.2735191637630662 0.5163551401869159 0.2770034843205575 0.48364485981308414 0.29965156794425085 0.45560747663551404 0.3170731707317073 0.4672897196261682 0.34668989547038326 0.5327102803738317 0.3606271777003484 0.5864485981308412 0.3989547038327526 0.5934579439252337 0.44076655052264807 0.5957943925233645 0.4564459930313589 0.5654205607476636 0.48606271777003485 0.5 0.4547038327526132 0.4369158878504673 0.43205574912891986 0.37383177570093457 0.4337979094076655 0.34579439252336447 0.45993031358885017 0.3130841121495327 0.4634146341463415 0.2523364485981308 0.43205574912891986 0.24766355140186916 0.2926829268292683 0.2523364485981308 0.2700348432055749 0.2523364485981308 0.25261324041811845 0.2570093457943925 0.2073170731707317 0.25 0.18989547038327526 0.29906542056074764
14 0.05226480836236934 0.22897196261682243 0.09407665505226481 0.23130841121495327 0.08885017421602788 0.19626168224299065 0.050522648083623695 0.1985981308411215 0.05226480836236934 0.22897196261682243
8 0.050522648083623695 0.32710280373831774 0.050522648083623695 0.37383177570093457 0.059233449477351915 0.397196261682243 0.06794425087108014 0.4369158878504673 0.08362369337979095 0.4649532710280374 0.09233449477351917 0.4696261682242991 0.10975609756097561 0.4672897196261682 0.10975609756097561 0.45560747663551404 0.09233449477351917 0.43457943925233644 0.09407665505226481 0.4205607476635514 0.08362369337979095 0.40420560747663553 0.078397212543554 0.3691588785046729 0.06445993031358885 0.32009345794392524 0.050522648083623695 0.32710280373831774
7 0.20905923344947736 0.11682242990654206 0.1672473867595819 0.12850467289719625 0.13588850174216027 0.1658878504672897 0.11498257839721254 0.20327102803738317 0.08710801393728224 0.23598130841121495 0.078397212543554 0.28738317757009346 0.07665505226480836 0.3598130841121495 0.09233449477351917 0.411214953271028 0.10627177700348432 0.4252336448598131 0.1759581881533101 0.4929906542056075 0.17247386759581881 0.4135514018691589 0.18641114982578397 0.3177570093457944 0.2038327526132404 0.2570093457943925 0.2229965156794425 0.18691588785046728 0.2508710801393728 0.12850467289719625 0.20905923344947736 0.11682242990654206
5 0.06794425087108014 0.24532710280373832 0.047038327526132406 0.26635514018691586 0.04355400696864112 0.29439252336448596 0.05400696864111498 0.29205607476635514 0.06445993031358885 0.3107476635514019 0.07665505226480836 0.3411214953271028 0.07491289198606271 0.3177570093457944 0.08362369337979095 0.24532710280373832 0.06794425087108014 0.24532710280373832
4 0.6567944250871081 0.23130841121495327 0.740418118466899 0.21728971962616822 0.6777003484320557 0.1658878504672897 0.6114982578397212 0.1308411214953271 0.5574912891986062 0.10981308411214953 0.49825783972125437 0.102803738317757 0.4372822299651568 0.102803738317757 0.37282229965156793 0.10981308411214953 0.3397212543554007 0.12149532710280374 0.3344947735191638 0.14018691588785046 0.343205574912892 0.1705607476635514 0.37630662020905925 0.20327102803738317 0.4686411149825784 0.25 0.5679442508710801 0.2383177570093458 0.6567944250871081 0.23130841121495327
2 0.28222996515679444 0.5046728971962616 0.2735191637630662 0.5397196261682243 0.26480836236933797 0.6098130841121495 0.2735191637630662 0.6448598130841121 0.28397212543554007 0.6985981308411215 0.3048780487804878 0.7593457943925234 0.3310104529616725 0.7990654205607477 0.36585365853658536 0.8130841121495327 0.3902439024390244 0.7990654205607477 0.38501742160278746 0.7570093457943925 0.3867595818815331 0.7172897196261683 0.3693379790940767 0.633177570093458 0.3554006968641115 0.5747663551401869 0.33797909407665505 0.5233644859813084 0.31881533101045295 0.47897196261682246 0.30139372822299654 0.48598130841121495 0.28222996515679444 0.5046728971962616
0 0.43031358885017423 0.6051401869158879 0.37630662020905925 0.6121495327102804 0.367595818815331 0.6588785046728972 0.3989547038327526 0.8014018691588785 0.42334494773519166 0.8177570093457944 0.4372822299651568 0.8200934579439252 0.47735191637630664 0.8247663551401869 0.5435540069686411 0.8387850467289719 0.6167247386759582 0.8294392523364486 0.6672473867595818 0.7873831775700935 0.7282229965156795 0.7546728971962616 0.8292682926829268 0.6869158878504673 0.8867595818815331 0.6448598130841121 0.9233449477351916 0.602803738317757 0.9372822299651568 0.5607476635514018 0.9477351916376306 0.5023364485981309 0.9425087108013938 0.4719626168224299 0.9337979094076655 0.42289719626168226 0.9198606271777003 0.3878504672897196 0.9059233449477352 0.4252336448598131 0.8867595818815331 0.45560747663551404 0.8763066202090593 0.5070093457943925 0.8205574912891986 0.5420560747663551 0.7804878048780488 0.5490654205607477 0.7526132404181185 0.5233644859813084 0.7160278745644599 0.5233644859813084 0.6341463414634146 0.5327102803738317 0.5121951219512195 0.5327102803738317 0.4878048780487805 0.5116822429906542 0.43031358885017423 0.6051401869158879
3 0.28397212543554007 0.2219626168224299 0.2926829268292683 0.18457943925233644 0.27526132404181186 0.14018691588785046 0.25609756097560976 0.12383177570093458 0.2229965156794425 0.19158878504672897 0.2073170731707317 0.2546728971962617 0.26480836236933797 0.25934579439252337 0.28397212543554007 0.2219626168224299
18 0.9198606271777003 0.38317757009345793 0.9146341463414634 0.35046728971962615 0.9146341463414634 0.32009345794392524 0.9094076655052264 0.29906542056074764 0.9076655052264808 0.3691588785046729 0.89198606271777 0.4439252336448598 0.9111498257839721 0.4158878504672897 0.9198606271777003 0.38317757009345793
9 0.21428571428571427 0.18457943925233644 0.2421602787456446 0.1308411214953271 0.23519163763066203 0.12850467289719625 0.22125435540069685 0.12149532710280374 0.2073170731707317 0.1191588785046729 0.19686411149825783 0.12149532710280374 0.1759581881533101 0.1308411214953271 0.16202090592334495 0.1425233644859813 0.1480836236933798 0.15654205607476634 0.13066202090592335 0.17990654205607476 0.12369337979094076 0.19626168224299065 0.1132404181184669 0.2336448598130841 0.1986062717770035 0.24766355140186916 0.21428571428571427 0.18457943925233644