17 0.12740384615384615 0.0864 0.14903846153846154 0.0816 0.17668269230769232 0.0752 0.20673076923076922 0.0752 0.23076923076923078 0.0768 0.24879807692307693 0.088 0.265625 0.1008 0.2848557692307692 0.0976 0.3137019230769231 0.0992 0.3605769230769231 0.0912 0.4074519230769231 0.0912 0.44711538461538464 0.0928 0.4879807692307692 0.096 0.47115384615384615 0.088 0.43990384615384615 0.0784 0.4074519230769231 0.0688 0.35216346153846156 0.0656 0.3088942307692308 0.064 0.26322115384615385 0.0624 0.22235576923076922 0.0528 0.16466346153846154 0.0608 0.13701923076923078 0.0656 0.1141826923076923 0.0768 0.10697115384615384 0.0944 0.12740384615384615 0.0864
20 0.37740384615384615 0.288 0.41346153846153844 0.288 0.4807692307692308 0.28 0.5324519230769231 0.2768 0.6069711538461539 0.2688 0.6622596153846154 0.2544 0.5841346153846154 0.16 0.4951923076923077 0.0992 0.28966346153846156 0.0928 0.37740384615384615 0.288
12 0.4182692307692308 0.3312 0.4362980769230769 0.3552 0.4675480769230769 0.3744 0.5120192307692307 0.4 0.5552884615384616 0.4272 0.5949519230769231 0.4672 0.6550480769230769 0.4896 0.7403846153846154 0.5296 0.7944711538461539 0.5568 0.8653846153846154 0.5312 0.9206730769230769 0.4928 0.9447115384615384 0.4416 0.9026442307692307 0.3856 0.8413461538461539 0.3312 0.7704326923076923 0.2928 0.7007211538461539 0.2608 0.6610576923076923 0.256 0.6081730769230769 0.2784 0.5709134615384616 0.2864 0.49759615384615385 0.2944 0.4423076923076923 0.2944 0.4110576923076923 0.3056 0.4182692307692308 0.3312
8 0.3762019230769231 0.6864 0.3858173076923077 0.7312 0.39783653846153844 0.7696 0.40865384615384615 0.8 0.42427884615384615 0.8352 0.44711538461538464 0.8624 0.47596153846153844 0.8816 0.5 0.8864 0.5252403846153846 0.8848 0.5432692307692307 0.8784 0.5576923076923077 0.864 0.5661057692307693 0.8336 0.5673076923076923 0.7968 0.5612980769230769 0.7632 0.5492788461538461 0.72 0.5300480769230769 0.6704 0.5132211538461539 0.6432 0.49399038461538464 0.6112 0.4699519230769231 0.5872 0.44591346153846156 0.5776 0.4182692307692308 0.5792 0.39663461538461536 0.592 0.3798076923076923 0.6192 0.3737980769230769 0.6464 0.3762019230769231 0.6864
11 0.5721153846153846 0.5472 0.5925480769230769 0.5808 0.6141826923076923 0.6128 0.6358173076923077 0.6416 0.6574519230769231 0.6624 0.6754807692307693 0.6672 0.6911057692307693 0.6704 0.7295673076923077 0.6656 0.7572115384615384 0.664 0.7800480769230769 0.6576 0.8076923076923077 0.64 0.8125 0.616 0.7944711538461539 0.6016 0.7836538461538461 0.5904 0.7836538461538461 0.568 0.7475961538461539 0.5552 0.7127403846153846 0.544 0.6802884615384616 0.5328 0.65625 0.5168 0.6274038461538461 0.5184 0.5901442307692307 0.512 0.5576923076923077 0.504 0.5721153846153846 0.5472
10 0.8689903846153846 0.704 0.8762019230769231 0.7168 0.8918269230769231 0.7008 0.9074519230769231 0.6848 0.921875 0.6672 0.9350961538461539 0.624 0.9555288461538461 0.5648 0.9362980769230769 0.5824 0.9134615384615384 0.6064 0.890625 0.6304 0.8737980769230769 0.6512 0.8689903846153846 0.704
6 0.5540865384615384 0.7072 0.5745192307692307 0.768 0.5769230769230769 0.8064 0.5805288461538461 0.8496 0.5805288461538461 0.8912 0.5961538461538461 0.904 0.6298076923076923 0.9152 0.6682692307692307 0.92 0.7055288461538461 0.9216 0.7391826923076923 0.9184 0.7776442307692307 0.9072 0.8064903846153846 0.8928 0.8341346153846154 0.872 0.8689903846153846 0.84 0.8978365384615384 0.7968 0.9110576923076923 0.7408 0.9098557692307693 0.72 0.9507211538461539 0.568 0.9603365384615384 0.5424 0.9711538461538461 0.512 0.9735576923076923 0.488 0.9615384615384616 0.4736 0.9483173076923077 0.4704 0.9266826923076923 0.4912 0.9122596153846154 0.5072 0.8918269230769231 0.5248 0.8774038461538461 0.5328 0.8581730769230769 0.5456 0.8377403846153846 0.56 0.8173076923076923 0.5616 0.7848557692307693 0.576 0.7920673076923077 0.5952 0.8112980769230769 0.6112 0.8305288461538461 0.6288 0.8100961538461539 0.6432 0.7752403846153846 0.6608 0.7223557692307693 0.6736 0.6682692307692307 0.664 0.6213942307692307 0.6496 0.5913461538461539 0.6576 0.5564903846153846 0.656 0.5240384615384616 0.6512 0.5540865384615384 0.7072
5 0.3449519230769231 0.3264 0.33052884615384615 0.376 0.3269230769230769 0.424 0.32572115384615385 0.5376 0.33052884615384615 0.6432 0.36177884615384615 0.6784 0.359375 0.6512 0.36177884615384615 0.6112 0.3641826923076923 0.5712 0.3858173076923077 0.5504 0.4182692307692308 0.5456 0.46153846153846156 0.5728 0.4987980769230769 0.6048 0.5264423076923077 0.6544 0.5985576923076923 0.6528 0.6262019230769231 0.6384 0.5949519230769231 0.5904 0.5685096153846154 0.5392 0.5564903846153846 0.5104 0.5637019230769231 0.4992 0.5336538461538461 0.4576 0.4807692307692308 0.416 0.43149038461538464 0.3696 0.41466346153846156 0.3328 0.39783653846153844 0.3024 0.3713942307692308 0.2944 0.3401442307692308 0.2864 0.3449519230769231 0.3264
1 0.0733173076923077 0.3424 0.09615384615384616 0.4176 0.10336538461538461 0.4384 0.1201923076923077 0.4608 0.15264423076923078 0.4848 0.15745192307692307 0.4512 0.15384615384615385 0.4096 0.14783653846153846 0.3792 0.14182692307692307 0.3248 0.14182692307692307 0.288 0.15745192307692307 0.2288 0.16346153846153846 0.1568 0.17067307692307693 0.1072 0.171875 0.0768 0.14903846153846154 0.08 0.125 0.088 0.10817307692307693 0.096 0.09615384615384616 0.1088 0.078125 0.144 0.06610576923076923 0.1808 0.056490384615384616 0.1984 0.055288461538461536 0.2448 0.055288461538461536 0.2896 0.0733173076923077 0.3424
3 0.1502403846153846 0.208 0.1622596153846154 0.0928 0.15504807692307693 0.0928 0.10697115384615384 0.104 0.09735576923076923 0.1712 0.1502403846153846 0.208
2 0.042067307692307696 0.36 0.042067307692307696 0.3712 0.04447115384615385 0.3936 0.05048076923076923 0.4304 0.057692307692307696 0.4496 0.06610576923076923 0.472 0.0733173076923077 0.4896 0.08653846153846154 0.4944 0.09615384615384616 0.496 0.109375 0.4896 0.11057692307692307 0.4784 0.1045673076923077 0.4672 0.09735576923076923 0.4544 0.09134615384615384 0.432 0.08774038461538461 0.4064 0.08052884615384616 0.3776 0.06971153846153846 0.3456 0.06370192307692307 0.3328 0.052884615384615384 0.328 0.04326923076923077 0.3424 0.042067307692307696 0.36
16 0.09134615384615384 0.4304 0.10216346153846154 0.4592 0.18629807692307693 0.5232 0.3641826923076923 0.688 0.36177884615384615 0.6784 0.33052884615384615 0.6432 0.10216346153846154 0.4368 0.0889423076923077 0.4032 0.09134615384615384 0.4304
7 0.328125 0.6384 0.32572115384615385 0.5536 0.3245192307692308 0.4944 0.3245192307692308 0.4512 0.3269230769230769 0.4032 0.3389423076923077 0.3536 0.34375 0.3184 0.3389423076923077 0.2816 0.32211538461538464 0.2352 0.2956730769230769 0.1648 0.26802884615384615 0.1104 0.23798076923076922 0.0832 0.1971153846153846 0.0752 0.17548076923076922 0.0784 0.17067307692307693 0.104 0.16706730769230768 0.1328 0.16346153846153846 0.1728 0.15745192307692307 0.2224 0.1466346153846154 0.2624 0.14182692307692307 0.3088 0.14543269230769232 0.3504 0.15384615384615385 0.4048 0.15625 0.4512 0.15144230769230768 0.48 0.328125 0.6384
9 0.20192307692307693 0.2288 0.22235576923076922 0.224 0.24519230769230768 0.224 0.25600961538461536 0.2272 0.2668269230769231 0.2368 0.27524038461538464 0.2544 0.2776442307692308 0.2768 0.27884615384615385 0.296 0.30649038461538464 0.3072 0.3269230769230769 0.3024 0.328125 0.2896 0.3137019230769231 0.248 0.29927884615384615 0.208 0.27403846153846156 0.1568 0.24519230769230768 0.1216 0.21754807692307693 0.104 0.18870192307692307 0.0944 0.1814903846153846 0.1472 0.17548076923076922 0.1856 0.17908653846153846 0.2336 0.20192307692307693 0.2288
14 0.1814903846153846 0.2608 0.1875 0.2736 0.19471153846153846 0.2848 0.20793269230769232 0.3008 0.22956730769230768 0.3056 0.24759615384615385 0.3104 0.25600961538461536 0.3264 0.2692307692307692 0.3376 0.2800480769230769 0.3296 0.28725961538461536 0.32 0.2776442307692308 0.2976 0.2764423076923077 0.2864 0.2764423076923077 0.2608 0.265625 0.2336 0.24278846153846154 0.2224 0.21995192307692307 0.224 0.1935096153846154 0.2304 0.17668269230769232 0.2384 0.1814903846153846 0.2608
15 0.036057692307692304 0.3136 0.040865384615384616 0.3088 0.046875 0.3088 0.052884615384615384 0.3136 0.0625 0.3312 0.06971153846153846 0.3472 0.08173076923076923 0.3872 0.0889423076923077 0.4128 0.09134615384615384 0.4064 0.07451923076923077 0.3472 0.06490384615384616 0.3216 0.057692307692307696 0.2944 0.055288461538461536 0.2784 0.054086538461538464 0.24 0.056490384615384616 0.2016 0.06610576923076923 0.1776 0.06009615384615385 0.1728 0.046875 0.1824 0.040865384615384616 0.2192 0.038461538461538464 0.248 0.037259615384615384 0.2704 0.030048076923076924 0.3024 0.03245192307692308 0.3232 0.036057692307692304 0.3136