2 0.8309859154929577 0.6653306613226453 0.7929577464788733 0.6352705410821643 0.7422535211267606 0.6152304609218436 0.6985915492957746 0.6152304609218436 0.6577464788732394 0.6312625250501002 0.6070422535211267 0.6753507014028056 0.5774647887323944 0.717434869739479 0.5549295774647888 0.7715430861723447 0.5450704225352113 0.8196392785571143 0.547887323943662 0.8797595190380761 0.5577464788732395 0.9118236472945892 0.5676056338028169 0.9458917835671342 0.5816901408450704 0.9759519038076152 0.5957746478873239 1 0.8816901408450705 0.9979959919839679 0.8971830985915493 0.9579158316633266 0.9056338028169014 0.8837675350701403 0.9028169014084507 0.811623246492986 0.8873239436619719 0.7575150300601202 0.8647887323943662 0.7114228456913828 0.8309859154929577 0.6653306613226453
18 0.9985915492957746 0.2625250501002004 0.9830985915492958 0.25851703406813625 0.9478873239436619 0.2605210420841683 0.9084507042253521 0.2745490981963928 0.8859154929577465 0.28857715430861725 0.9295774647887324 0.3727454909819639 1 0.48096192384769537 0.9985915492957746 0.2625250501002004
0 0.9084507042253521 0.6973947895791583 0.9338028169014084 0.7555110220440882 0.9478873239436619 0.8076152304609219 0.9464788732394366 0.8877755511022044 0.9704225352112676 0.8817635270541082 0.9985915492957746 0.8537074148296593 1 0.48296593186372744 0.8704225352112676 0.6533066132264529 0.9084507042253521 0.6973947895791583
16 0.2295774647887324 0.7995991983967936 0.07183098591549296 0.7895791583166333 0.0014084507042253522 0.7835671342685371 0.0014084507042253522 0.8136272545090181 0.5197183098591549 0.8777555110220441 0.5126760563380282 0.8316633266533067 0.4197183098591549 0.8076152304609219 0.2295774647887324 0.7995991983967936
15 0.9014084507042254 0.3226452905811623 0.8859154929577465 0.2905811623246493 0.8943661971830986 0.27655310621242485 0.9830985915492958 0.2545090180360721 0.9422535211267605 0.22044088176352705 0.7281690140845071 0.23847695390781562 0.7253521126760564 0.2845691382765531 0.7112676056338029 0.33266533066132264 0.6676056338028169 0.4348697394789579 0.6309859154929578 0.503006012024048 0.5901408450704225 0.5731462925851704 0.5605633802816902 0.625250501002004 0.5211267605633803 0.7014028056112225 0.4788732394366197 0.7635270541082164 0.4450704225352113 0.811623246492986 0.5140845070422535 0.8296593186372746 0.523943661971831 0.781563126252505 0.5492957746478874 0.7274549098196392 0.5690140845070423 0.685370741482966 0.6014084507042253 0.6372745490981964 0.671830985915493 0.5951903807615231 0.747887323943662 0.5891783567134269 0.819718309859155 0.6112224448897795 0.8718309859154929 0.6513026052104208 1 0.48296593186372744 0.9014084507042254 0.3226452905811623
4 0.9478873239436619 0.20040080160320642 0.9225352112676056 0.16032064128256512 0.8985915492957747 0.12424849699398798 0.8718309859154929 0.08617234468937876 0.8436619718309859 0.04809619238476954 0.8056338028169014 0 0.7971830985915493 0.002004008016032064 0.8267605633802817 0.04008016032064128 0.852112676056338 0.07414829659318638 0.8859154929577465 0.1282565130260521 0.9464788732394366 0.22044088176352705 0.956338028169014 0.22044088176352705 0.9478873239436619 0.20040080160320642
19 0.9985915492957746 0.2565130260521042 0.9577464788732394 0.22044088176352705 0.9464788732394366 0.22244488977955912 0.9577464788732394 0.23446893787575152 0.9845070422535211 0.2565130260521042 1 0.2625250501002004 0.9985915492957746 0.2565130260521042
3 0.2676056338028169 0 0.2535211267605634 0.022044088176352707 0.24647887323943662 0.04809619238476954 0.223943661971831 0.16032064128256512 0.21830985915492956 0.2545090180360721 0.24929577464788732 0.2605210420841683 0.35070422535211265 0.24849699398797595 0.39859154929577467 0.24849699398797595 0.45774647887323944 0.24248496993987975 0.504225352112676 0.24048096192384769 0.5591549295774648 0.23246492985971945 0.6014084507042253 0.22244488977955912 0.6338028169014085 0.19839679358717435 0.6549295774647887 0.15430861723446893 0.6605633802816901 0.11623246492985972 0.6563380281690141 0.04408817635270541 0.647887323943662 0 0.2676056338028169 0
1 0.21549295774647886 0 0.19577464788732393 0.08617234468937876 0.17746478873239438 0.18637274549098196 0.16338028169014085 0.2605210420841683 0.13943661971830987 0.3246492985971944 0.13098591549295774 0.4248496993987976 0.13098591549295774 0.5150300601202404 0.1323943661971831 0.5991983967935872 0.13802816901408452 0.6593186372745491 0.14084507042253522 0.7955911823647295 0.3154929577464789 0.8036072144288577 0.4507042253521127 0.8036072144288577 0.5154929577464789 0.685370741482966 0.5591549295774648 0.6092184368737475 0.6028169014084507 0.533066132264529 0.6577464788732394 0.4529058116232465 0.6985915492957746 0.3687374749498998 0.7253521126760564 0.2925851703406814 0.7225352112676057 0.22645290581162325 0.7084507042253522 0.1062124248496994 0.6887323943661972 0 0.21549295774647886 0
7 0 0 0.0014084507042253522 0.7835671342685371 0.14084507042253522 0.7935871743486974 0.13661971830985917 0.6452905811623246 0.13098591549295774 0.593186372745491 0.1295774647887324 0.45090180360721444 0.13943661971830987 0.33266533066132264 0.1619718309859155 0.2665330661322645 0.1704225352112676 0.22044088176352705 0.21549295774647886 0 0 0
9 0 0.26452905811623245 0.12535211267605634 0.2545090180360721 0.18591549295774648 0.004008016032064128 0.13661971830985917 0.004008016032064128 0.0647887323943662 0.006012024048096192 0 0.018036072144288578 0 0.26452905811623245