20 0.49291338582677163 0.10669456066945607 0.4409448818897638 0.11297071129707113 0.35748031496062993 0.11715481171548117 0.25196850393700787 0.13598326359832635 0.3165354330708661 0.3117154811715481 0.4078740157480315 0.29497907949790797 0.5007874015748032 0.27615062761506276 0.6283464566929133 0.23640167364016737 0.49291338582677163 0.10669456066945607
5 0.26456692913385826 0.401673640167364 0.2677165354330709 0.4497907949790795 0.28346456692913385 0.5188284518828452 0.2929133858267717 0.5815899581589958 0.30551181102362207 0.6171548117154811 0.30393700787401573 0.5983263598326359 0.30551181102362207 0.5418410041841004 0.33070866141732286 0.4916317991631799 0.3826771653543307 0.5104602510460251 0.42362204724409447 0.5627615062761506 0.44881889763779526 0.6297071129707112 0.5354330708661418 0.6527196652719666 0.5354330708661418 0.606694560669456 0.49133858267716535 0.5188284518828452 0.3716535433070866 0.4351464435146444 0.26614173228346455 0.36610878661087864 0.26456692913385826 0.401673640167364
13 0.9023622047244094 0.6317991631799164 0.905511811023622 0.5481171548117155 0.8346456692913385 0.604602510460251 0.8330708661417323 0.696652719665272 0.9023622047244094 0.6317991631799164
10 0.9338582677165355 0.4707112970711297 0.9118110236220472 0.44142259414225943 0.8220472440944881 0.5 0.7590551181102362 0.5397489539748954 0.7496062992125985 0.608786610878661 0.768503937007874 0.6652719665271967 0.7763779527559055 0.7217573221757322 0.7826771653543307 0.7698744769874477 0.831496062992126 0.7196652719665272 0.831496062992126 0.6401673640167364 0.8346456692913385 0.606694560669456 0.878740157480315 0.5732217573221757 0.9023622047244094 0.5564853556485355 0.9039370078740158 0.6297071129707112 0.8330708661417323 0.700836820083682 0.8393700787401575 0.7133891213389121 0.9133858267716536 0.6443514644351465 0.9115462330708661 0.6199133556485356 0.9228346456692913 0.5815899581589958 0.9322834645669291 0.5292887029288703 0.9338582677165355 0.4707112970711297
6 0.7622047244094489 0.6589958158995816 0.7511811023622047 0.6150627615062761 0.7590551181102362 0.5397489539748954 0.7291338582677165 0.5397489539748954 0.7228346456692913 0.5753138075313807 0.694488188976378 0.602510460251046 0.6125984251968504 0.6150627615062761 0.5653543307086614 0.6108786610878661 0.5354330708661418 0.606694560669456 0.537007874015748 0.6569037656903766 0.49606299212598426 0.6443514644351465 0.44881889763779526 0.6338912133891214 0.4692913385826772 0.698744769874477 0.48031496062992124 0.7656903765690377 0.49133858267716535 0.797071129707113 0.5511811023622047 0.8284518828451883 0.6204724409448819 0.8284518828451883 0.6866141732283465 0.8242677824267782 0.7259842519685039 0.8138075313807531 0.7464566929133858 0.797071129707113 0.7590551181102362 0.7845188284518828 0.7811023622047244 0.7635983263598326 0.768503937007874 0.694560669456067 0.7622047244094489 0.6589958158995816
11 0.6031496062992125 0.6150627615062761 0.658267716535433 0.606694560669456 0.6960629921259842 0.600418410041841 0.7228346456692913 0.5753138075313807 0.7244094488188977 0.5397489539748954 0.49606299212598426 0.5188284518828452 0.5291338582677165 0.5941422594142259 0.6031496062992125 0.6150627615062761
8 0.3606299212598425 0.694560669456067 0.3968503937007874 0.7259414225941423 0.43622047244094486 0.7405857740585774 0.45984251968503936 0.7259414225941423 0.45984251968503936 0.6736401673640168 0.4440944881889764 0.6297071129707112 0.4188976377952756 0.5648535564853556 0.3858267716535433 0.5146443514644351 0.33385826771653543 0.502092050209205 0.30393700787401573 0.5564853556485355 0.31811023622047246 0.6297071129707112 0.3606299212598425 0.694560669456067
2 0.07401574803149606 0.36610878661087864 0.08976377952755905 0.41422594142259417 0.10393700787401575 0.4560669456066946 0.12440944881889764 0.4707112970711297 0.13858267716535433 0.47489539748953974 0.11181102362204724 0.40585774058577406 0.10236220472440945 0.36401673640167365 0.09133858267716535 0.33263598326359833 0.07086614173228346 0.3179916317991632 0.07401574803149606 0.36610878661087864
9 0.16692913385826771 0.22594142259414227 0.16377952755905512 0.26359832635983266 0.19055118110236222 0.2594142259414226 0.2173228346456693 0.2489539748953975 0.2346456692913386 0.2615062761506276 0.2440944881889764 0.28870292887029286 0.26614173228346455 0.3054393305439331 0.27244094488188975 0.3075313807531381 0.2551181102362205 0.24476987447698745 0.23307086614173228 0.16317991631799164 0.2220472440944882 0.14644351464435146 0.2141732283464567 0.13598326359832635 0.18110236220472442 0.12552301255230125 0.17165354330708663 0.17154811715481172 0.16692913385826771 0.22594142259414227
3 0.12283464566929134 0.14644351464435146 0.10551181102362205 0.17782426778242677 0.09291338582677165 0.21338912133891214 0.12913385826771653 0.23221757322175732 0.16062992125984252 0.24686192468619247 0.17165354330708663 0.12761506276150628 0.14173228346456693 0.1297071129707113 0.12283464566929134 0.14644351464435146
1 0.1732283464566929 0.1192468619246862 0.15748031496062992 0.12133891213389121 0.14015748031496064 0.12552301255230125 0.12755905511811025 0.13598326359832635 0.11181102362204724 0.1589958158995816 0.09606299212598425 0.19456066945606695 0.09133858267716535 0.21548117154811716 0.08503937007874016 0.3054393305439331 0.10078740157480315 0.3577405857740586 0.11496062992125984 0.4121338912133891 0.13858267716535433 0.4560669456066946 0.1763779527559055 0.4874476987447699 0.15748031496062992 0.39539748953974896 0.14803149606299212 0.3263598326359833 0.14803149606299212 0.28870292887029286 0.15275590551181104 0.24686192468619247 0.15905511811023623 0.24267782426778242 0.1732283464566929 0.1192468619246862
15 0.08346456692913386 0.20292887029288703 0.07559055118110236 0.20711297071129708 0.06771653543307087 0.21338912133891214 0.05984251968503937 0.2301255230125523 0.05984251968503937 0.2510460251046025 0.06141732283464567 0.303347280334728 0.06141732283464567 0.32426778242677823 0.06929133858267716 0.3472803347280335 0.06929133858267716 0.3075313807531381 0.07874015748031496 0.3117154811715481 0.09133858267716535 0.33472803347280333 0.09291338582677165 0.3305439330543933 0.08503937007874016 0.303347280334728 0.08976377952755905 0.21338912133891214 0.09133858267716535 0.20711297071129708 0.08346456692913386 0.20292887029288703
7 0.14960629921259844 0.3807531380753138 0.16377952755905512 0.4581589958158996 0.1732283464566929 0.49372384937238495 0.2173228346456693 0.5397489539748954 0.2551181102362205 0.5836820083682008 0.29448818897637796 0.6108786610878661 0.31181102362204727 0.6297071129707112 0.2803149606299213 0.5209205020920502 0.2692913385826772 0.4560669456066946 0.26456692913385826 0.40794979079497906 0.2740157480314961 0.3410041841004184 0.2755905511811024 0.3117154811715481 0.2740157480314961 0.2907949790794979 0.2551181102362205 0.23221757322175732 0.2409448818897638 0.18410041841004185 0.2283464566929134 0.14644351464435146 0.215748031496063 0.13179916317991633 0.1952755905511811 0.12133891213389121 0.1763779527559055 0.1192468619246862 0.15748031496062992 0.2489539748953975 0.14330708661417324 0.301255230125523 0.14960629921259844 0.3807531380753138
12 0.49291338582677163 0.5188284518828452 0.5590551181102362 0.5209205020920502 0.6677165354330709 0.5313807531380753 0.7637795275590551 0.5397489539748954 0.7889763779527559 0.5209205020920502 0.8377952755905512 0.4874476987447699 0.9165354330708662 0.4309623430962343 0.9086614173228347 0.40585774058577406 0.8976377952755905 0.3682008368200837 0.8708661417322835 0.3368200836820084 0.8173228346456692 0.3054393305439331 0.7307086614173228 0.2594142259414226 0.6251968503937008 0.2301255230125523 0.573228346456693 0.25523012552301255 0.510236220472441 0.2719665271966527 0.4141732283464567 0.29707112970711297 0.3354330708661417 0.3138075313807531 0.2803149606299213 0.3054393305439331 0.25984251968503935 0.3598326359832636 0.49291338582677163 0.5188284518828452
17 0.45354330708661417 0.09205020920502092 0.42992125984251967 0.08786610878661087 0.3716535433070866 0.08368200836820083 0.29763779527559053 0.08577405857740586 0.23622047244094488 0.09414225941422594 0.16377952755905512 0.10251046025104603 0.13070866141732285 0.12552301255230125 0.1763779527559055 0.11506276150627615 0.2141732283464567 0.12552301255230125 0.2503937007874016 0.13807531380753138 0.3464566929133858 0.12343096234309624 0.4141732283464567 0.1087866108786611 0.48503937007874015 0.10460251046025104 0.45354330708661417 0.09205020920502092
14 0.2346456692913386 0.2615062761506276 0.22677165354330708 0.25313807531380755 0.215748031496063 0.2489539748953975 0.2 0.25523012552301255 0.18740157480314962 0.2615062761506276 0.17795275590551182 0.26569037656903766 0.1700787401574803 0.2719665271966527 0.16535433070866143 0.28451882845188287 0.16692913385826771 0.29497907949790797 0.1700787401574803 0.3054393305439331 0.1858267716535433 0.30962343096234307 0.2047244094488189 0.3117154811715481 0.2220472440944882 0.3138075313807531 0.2692913385826772 0.3075313807531381 0.24251968503937008 0.28870292887029286 0.2346456692913386 0.2615062761506276
14 0.6267716535433071 0.22384937238493724 0.6362204724409449 0.23221757322175732 0.6488188976377953 0.2301255230125523 0.658267716535433 0.22384937238493724 0.658267716535433 0.21548117154811716 0.6519685039370079 0.20711297071129708 0.6393700787401575 0.20292887029288703 0.6251968503937008 0.20502092050209206 0.6173228346456693 0.21338912133891214 0.6267716535433071 0.22384937238493724