2 0.635593220338983 0.5987394957983193 0.5720338983050848 0.6176470588235294 0.5324858757062146 0.6680672268907563 0.5169491525423728 0.75 0.5070621468926554 0.8109243697478992 0.5169491525423728 0.8739495798319328 0.53954802259887 0.9348739495798319 0.577683615819209 0.9726890756302521 0.632768361581921 0.9810924369747899 0.6836158192090396 0.9495798319327731 0.7161016949152542 0.9117647058823529 0.7330508474576272 0.8592436974789915 0.7387005649717514 0.7983193277310925 0.7344632768361582 0.7478991596638656 0.7161016949152542 0.6680672268907563 0.673728813559322 0.6260504201680672 0.635593220338983 0.5987394957983193
15 0.8686440677966102 0.4579831932773109 0.865819209039548 0.43067226890756305 0.9011299435028248 0.39915966386554624 0.9251412429378532 0.3865546218487395 0.9067796610169492 0.35084033613445376 0.653954802259887 0.36134453781512604 0.6426553672316384 0.38865546218487396 0.6313559322033898 0.3907563025210084 0.6101694915254238 0.4495798319327731 0.5466101694915254 0.5966386554621849 0.5112994350282486 0.680672268907563 0.4774011299435028 0.7710084033613446 0.5 0.7983193277310925 0.519774011299435 0.6680672268907563 0.559322033898305 0.6176470588235294 0.6059322033898306 0.5819327731092437 0.6483050847457628 0.569327731092437 0.692090395480226 0.5798319327731093 0.7259887005649718 0.6050420168067226 0.7542372881355932 0.5987394957983193 0.8926553672316384 0.5378151260504201 0.903954802259887 0.5084033613445378 0.8686440677966102 0.4579831932773109
0 0.7415254237288136 0.6428571428571429 0.7570621468926554 0.6911764705882353 0.768361581920904 0.7668067226890757 0.7711864406779662 0.8256302521008403 0.8333333333333334 0.8067226890756303 0.9124293785310734 0.7710084033613446 0.9364406779661016 0.7163865546218487 0.942090395480226 0.6680672268907563 0.943502824858757 0.5735294117647058 0.9251412429378532 0.5042016806722689 0.9166666666666666 0.5168067226890757 0.905367231638418 0.5105042016806722 0.8898305084745762 0.5378151260504201 0.8050847457627118 0.5819327731092437 0.7245762711864406 0.6113445378151261 0.7415254237288136 0.6428571428571429
18 0.8757062146892656 0.41596638655462187 0.8615819209039548 0.43907563025210083 0.8757062146892656 0.4684873949579832 0.8926553672316384 0.49369747899159666 0.9067796610169492 0.5105042016806722 0.9166666666666666 0.5126050420168067 0.9251412429378532 0.5 0.922316384180791 0.3865546218487395 0.905367231638418 0.39915966386554624 0.8757062146892656 0.41596638655462187
19 0.922316384180791 0.34243697478991597 0.8983050847457628 0.3172268907563025 0.8686440677966102 0.3088235294117647 0.827683615819209 0.3025210084033613 0.7754237288135594 0.28781512605042014 0.7909604519774012 0.3067226890756303 0.7923728813559322 0.31932773109243695 0.7768361581920904 0.31512605042016806 0.8290960451977402 0.3550420168067227 0.8728813559322034 0.35084033613445376 0.9096045197740112 0.3550420168067227 0.9251412429378532 0.38235294117647056 0.9279661016949152 0.3634453781512605 0.922316384180791 0.34243697478991597
4 0.7824858757062146 0.31932773109243695 0.7937853107344632 0.31092436974789917 0.7768361581920904 0.28991596638655465 0.7584745762711864 0.27941176470588236 0.7062146892655368 0.24369747899159663 0.6652542372881356 0.21008403361344538 0.5932203389830508 0.16176470588235295 0.5805084745762712 0.17857142857142858 0.6440677966101694 0.21638655462184875 0.6878531073446328 0.25 0.7245762711864406 0.2815126050420168 0.7711864406779662 0.31512605042016806 0.7824858757062146 0.31932773109243695
17 0.5225988700564972 0.1323529411764706 0.4590395480225989 0.12184873949579832 0.3728813559322034 0.11764705882352941 0.2867231638418079 0.12605042016806722 0.2076271186440678 0.13655462184873948 0.1440677966101695 0.1638655462184874 0.11581920903954802 0.17857142857142858 0.13983050847457626 0.18487394957983194 0.1906779661016949 0.1638655462184874 0.23587570621468926 0.15756302521008403 0.3149717514124294 0.14705882352941177 0.3771186440677966 0.14915966386554622 0.4449152542372881 0.15126050420168066 0.5070621468926554 0.17016806722689076 0.5635593220338984 0.19327731092436976 0.5805084745762712 0.17857142857142858 0.5918079096045198 0.15966386554621848 0.5225988700564972 0.1323529411764706
1 0.2570621468926554 0.42016806722689076 0.2401129943502825 0.4957983193277311 0.23163841807909605 0.6008403361344538 0.23587570621468926 0.7121848739495799 0.24717514124293785 0.8025210084033614 0.3757062146892655 0.8046218487394958 0.4632768361581921 0.8130252100840336 0.4774011299435028 0.7752100840336135 0.5254237288135594 0.6470588235294118 0.5932203389830508 0.49159663865546216 0.6271186440677966 0.39915966386554624 0.6398305084745762 0.36764705882352944 0.6454802259887006 0.3382352941176471 0.6468926553672316 0.3088235294117647 0.6454802259887006 0.27521008403361347 0.596045197740113 0.21638655462184875 0.5437853107344632 0.18487394957983194 0.4675141242937853 0.15966386554621848 0.3912429378531073 0.15126050420168066 0.3036723163841808 0.15126050420168066 0.2570621468926554 0.42016806722689076
3 0.2980225988700565 0.4012605042016807 0.5 0.3865546218487395 0.518361581920904 0.20378151260504201 0.327683615819209 0.17857142857142858 0.2980225988700565 0.4012605042016807
3 0.5127118644067796 0.38235294117647056 0.6257062146892656 0.37815126050420167 0.635593220338983 0.33613445378151263 0.6384180790960452 0.29831932773109243 0.6186440677966102 0.2710084033613445 0.5296610169491526 0.20798319327731093 0.5127118644067796 0.38235294117647056
7 0.10875706214689265 0.20588235294117646 0.04096045197740113 0.2647058823529412 0.002824858757062147 0.3088235294117647 0.002824858757062147 0.8151260504201681 0.2443502824858757 0.8004201680672269 0.2401129943502825 0.7121848739495799 0.23022598870056496 0.6239495798319328 0.23587570621468926 0.5294117647058824 0.2556497175141243 0.41386554621848737 0.3022598870056497 0.14915966386554622 0.19915254237288135 0.1638655462184874 0.10875706214689265 0.20588235294117646
9 0.2019774011299435 0.18907563025210083 0.1440677966101695 0.21008403361344538 0.096045197740113 0.23949579831932774 0.05367231638418079 0.2857142857142857 0.002824858757062147 0.34243697478991597 0.0014124293785310734 0.42857142857142855 0.2288135593220339 0.4117647058823529 0.2768361581920904 0.17857142857142858 0.2019774011299435 0.18907563025210083
16 0.3531073446327684 0.8025210084033614 0.24717514124293785 0.8025210084033614 0.002824858757062147 0.8172268907563025 0.002824858757062147 0.8718487394957983 0.326271186440678 0.8697478991596639 0.5070621468926554 0.8823529411764706 0.5084745762711864 0.8172268907563025 0.4689265536723164 0.8130252100840336 0.3531073446327684 0.8025210084033614