10 0.46130952380952384 0.7044025157232704 0.5014880952380952 0.7190775681341719 0.5297619047619048 0.6981132075471698 0.7366071428571429 0.6876310272536688 0.7619047619047619 0.5953878406708596 0.5327380952380952 0.6268343815513627 0.5178571428571429 0.6079664570230608 0.49851190476190477 0.5974842767295597 0.4791666666666667 0.6037735849056604 0.4583333333333333 0.6289308176100629 0.45535714285714285 0.6268343815513627 0.2261904761904762 0.59958071278826 0.25297619047619047 0.6918238993710691 0.46130952380952384 0.7044025157232704
12 0.4583333333333333 0.6268343815513627 0.47470238095238093 0.6058700209643606 0.4895833333333333 0.5953878406708596 0.5163690476190477 0.6058700209643606 0.53125 0.6247379454926625 0.7663690476190477 0.5953878406708596 0.8244047619047619 0.5157232704402516 0.8571428571428571 0.44654088050314467 0.7991071428571429 0.31446540880503143 0.7738095238095238 0.27882599580712786 0.7619047619047619 0.24737945492662475 0.6369047619047619 0.25157232704402516 0.3541666666666667 0.2557651991614256 0.31398809523809523 0.2557651991614256 0.27529761904761907 0.25366876310272535 0.23511904761904762 0.24947589098532494 0.21577380952380953 0.2914046121593291 0.20386904761904762 0.3081761006289308 0.16964285714285715 0.35639412997903563 0.14434523809523808 0.40041928721174 0.12797619047619047 0.4528301886792453 0.15773809523809523 0.5031446540880503 0.18898809523809523 0.5555555555555556 0.22916666666666666 0.5974842767295597 0.4583333333333333 0.6268343815513627
11 0.22767857142857142 0.6037735849056604 0.17410714285714285 0.5408805031446541 0.12797619047619047 0.4612159329140461 0.1130952380952381 0.5115303983228512 0.10714285714285714 0.559748427672956 0.11160714285714286 0.6079664570230608 0.1488095238095238 0.660377358490566 0.18898809523809523 0.6855345911949685 0.22172619047619047 0.6876310272536688 0.24702380952380953 0.6876310272536688 0.22767857142857142 0.6037735849056604
11 0.7976190476190477 0.6771488469601677 0.8377976190476191 0.6477987421383647 0.8705357142857143 0.6121593291404612 0.8869047619047619 0.5786163522012578 0.8839285714285714 0.5115303983228512 0.875 0.47379454926624737 0.8705357142857143 0.4549266247379455 0.8616071428571429 0.4612159329140461 0.7589285714285714 0.6121593291404612 0.7380952380952381 0.6834381551362684 0.7976190476190477 0.6771488469601677
14 0.21875 0.18867924528301888 0.20684523809523808 0.1949685534591195 0.19940476190476192 0.20335429769392033 0.19196428571428573 0.2138364779874214 0.19345238095238096 0.22851153039832284 0.19940476190476192 0.2389937106918239 0.21726190476190477 0.25157232704402516 0.23363095238095238 0.25366876310272535 0.23809523809523808 0.24109014675052412 0.24553571428571427 0.22641509433962265 0.24553571428571427 0.1928721174004193 0.21875 0.18867924528301888
14 0.7961309523809523 0.23060796645702306 0.7991071428571429 0.22431865828092243 0.8005952380952381 0.21174004192872117 0.7782738095238095 0.18448637316561844 0.7604166666666666 0.18448637316561844 0.75 0.19077568134171907 0.7470238095238095 0.20754716981132076 0.7619047619047619 0.24737945492662475 0.7663690476190477 0.25157232704402516 0.7961309523809523 0.23060796645702306
20 0.2604166666666667 0.25157232704402516 0.3080357142857143 0.25366876310272535 0.49851190476190477 0.25366876310272535 0.7395833333333334 0.24947589098532494 0.7440476190476191 0.23689727463312368 0.6607142857142857 0.06289308176100629 0.49702380952380953 0.05450733752620545 0.33630952380952384 0.06289308176100629 0.24702380952380953 0.2431865828092243 0.2604166666666667 0.25157232704402516
17 0.49107142857142855 0.05241090146750524 0.6636904761904762 0.06289308176100629 0.6532738095238095 0.04821802935010482 0.6398809523809523 0.04612159329140461 0.5982142857142857 0.031446540880503145 0.49851190476190477 0.027253668763102725 0.4107142857142857 0.031446540880503145 0.38244047619047616 0.031446540880503145 0.35267857142857145 0.04612159329140461 0.33779761904761907 0.0649895178197065 0.49107142857142855 0.05241090146750524
13 0.5014880952380952 0.8721174004192872 0.6517857142857143 0.8616352201257862 0.65625 0.8532494758909853 0.6592261904761905 0.779874213836478 0.6502976190476191 0.7756813417190775 0.3333333333333333 0.7777777777777778 0.3318452380952381 0.7840670859538784 0.3392857142857143 0.8658280922431866 0.5014880952380952 0.8721174004192872
6 0.09672619047619048 0.4989517819706499 0.09375 0.6205450733752621 0.10119047619047619 0.6813417190775681 0.09523809523809523 0.7044025157232704 0.11011904761904762 0.7442348008385744 0.12648809523809523 0.8385744234800838 0.16964285714285715 0.9224318658280922 0.21577380952380953 0.9580712788259959 0.31101190476190477 0.9727463312368972 0.7604166666666666 0.9643605870020965 0.7886904761904762 0.949685534591195 0.8422619047619048 0.8825995807127882 0.8616071428571429 0.8427672955974843 0.8883928571428571 0.7044025157232704 0.8928571428571429 0.5073375262054507 0.8869047619047619 0.5681341719077568 0.8705357142857143 0.6184486373165619 0.8407738095238095 0.6561844863731656 0.7991071428571429 0.6813417190775681 0.7440476190476191 0.6876310272536688 0.6726190476190477 0.6960167714884696 0.5267857142857143 0.70020964360587 0.5029761904761905 0.7232704402515723 0.4791666666666667 0.7169811320754716 0.46577380952380953 0.7023060796645703 0.25 0.6918238993710691 0.25148809523809523 0.689727463312369 0.19047619047619047 0.6834381551362684 0.1488095238095238 0.6624737945492662 0.1130952380952381 0.6142557651991615 0.10119047619047619 0.589098532494759 0.10119047619047619 0.5387840670859538 0.10863095238095238 0.5345911949685535 0.10714285714285714 0.4947589098532495 0.09672619047619048 0.4989517819706499
5 0.8869047619047619 0.49056603773584906 0.8630952380952381 0.4171907756813417 0.8005952380952381 0.31865828092243187 0.8571428571428571 0.44654088050314467 0.8571428571428571 0.4612159329140461 0.8705357142857143 0.4549266247379455 0.8854166666666666 0.5115303983228512 0.8869047619047619 0.49056603773584906
5 0.12648809523809523 0.4570230607966457 0.14434523809523808 0.4025157232704403 0.1324404761904762 0.42348008385744235 0.12202380952380952 0.44654088050314467 0.11755952380952381 0.46331236897274636 0.10863095238095238 0.49266247379454925 0.11011904761904762 0.5262054507337526 0.12648809523809523 0.4570230607966457