10 0.8541996830427893 0.6075156576200418 0.8684627575277337 0.511482254697286 0.6893819334389857 0.5532359081419624 0.7068145800316957 0.6576200417536534 0.8541996830427893 0.6075156576200418
10 0.7464342313787639 0.4801670146137787 0.7955625990491284 0.4697286012526096 0.8557844690966719 0.44676409185803756 0.8541996830427893 0.4196242171189979 0.7892234548335975 0.42588726513569936 0.6497622820919176 0.4488517745302714 0.6767036450079239 0.48434237995824636 0.7464342313787639 0.4801670146137787
11 0.4659270998415214 0.4759916492693111 0.6022187004754358 0.5031315240083507 0.6148969889064976 0.48851774530271397 0.5816164817749604 0.4321503131524008 0.4928684627575277 0.3924843423799583 0.4326465927099842 0.3778705636743215 0.40570522979397783 0.3757828810020877 0.42789223454833597 0.4488517745302714 0.4659270998415214 0.4759916492693111
20 0.618066561014263 0.25260960334029225 0.5594294770206022 0.20041753653444677 0.5071315372424723 0.1649269311064718 0.41362916006339145 0.1649269311064718 0.2900158478605388 0.1732776617954071 0.3359746434231379 0.2797494780793319 0.37083993660855785 0.30062630480167013 0.5007923930269413 0.31315240083507306 0.6671949286846276 0.3048016701461378 0.618066561014263 0.25260960334029225
17 0.4675118858954041 0.1649269311064718 0.4294770206022187 0.15657620041753653 0.3438985736925515 0.15031315240083507 0.29160063391442154 0.15031315240083507 0.22345483359746435 0.15866388308977036 0.18225039619651348 0.19624217118997914 0.22820919175911253 0.16701461377870563 0.27099841521394613 0.16910229645093947 0.29952456418383516 0.162839248434238 0.38510301109350237 0.162839248434238 0.4675118858954041 0.1649269311064718
12 0.40729001584786056 0.3757828810020877 0.4643423137876387 0.37995824634655534 0.589540412044374 0.4363256784968685 0.6450079239302694 0.4405010438413361 0.7527733755942948 0.4279749478079332 0.8684627575277337 0.4133611691022965 0.8320126782884311 0.36325678496868474 0.6751188589540412 0.302713987473904 0.595879556259905 0.3089770354906054 0.43423137876386686 0.31941544885177453 0.36608557844690964 0.2985386221294363 0.3676703645007924 0.35908141962421714 0.40729001584786056 0.3757828810020877
6 0.40887480190174325 0.5887265135699373 0.4247226624405705 0.6889352818371608 0.5309033280507132 0.7139874739039666 0.6703645007923931 0.7369519832985386 0.6751188589540412 0.7306889352818372 0.7083993660855784 0.7098121085594989 0.7955625990491284 0.6784968684759917 0.8700475435816165 0.651356993736952 0.8605388272583201 0.5991649269311065 0.8748019017432647 0.5052192066805845 0.8716323296354992 0.4551148225469729 0.8621236133122029 0.4175365344467641 0.8541996830427893 0.4154488517745303 0.8557844690966719 0.44676409185803756 0.8050713153724247 0.4697286012526096 0.6719492868462758 0.4822546972860125 0.6354992076069731 0.44258872651356995 0.5911251980982567 0.4363256784968685 0.618066561014263 0.49269311064718163 0.6006339144215531 0.5010438413361169 0.5198098256735341 0.4906054279749478 0.4358161648177496 0.4697286012526096 0.38351822503961963 0.5260960334029228 0.40887480190174325 0.5887265135699373
5 0.294770206022187 0.5762004175365344 0.294770206022187 0.5365344467640919 0.3011093502377179 0.4989561586638831 0.3185419968304279 0.4718162839248434 0.3359746434231379 0.46346555323590816 0.35657686212361334 0.4759916492693111 0.38510301109350237 0.5198329853862212 0.43740095087163233 0.4613778705636743 0.4041204437400951 0.3757828810020877 0.3676703645007924 0.35490605427974947 0.3692551505546751 0.302713987473904 0.33438985736925514 0.2797494780793319 0.31061806656101426 0.27139874739039666 0.294770206022187 0.3924843423799583 0.2884310618066561 0.47390396659707723 0.2836767036450079 0.5260960334029228 0.2868462757527734 0.569937369519833 0.294770206022187 0.5762004175365344
16 0.29635499207606975 0.5782881002087683 0.2820919175911252 0.5594989561586639 0.23613312202852615 0.5156576200417536 0.17115689381933438 0.44676409185803756 0.179080824088748 0.4906054279749478 0.2900158478605388 0.5949895615866388 0.29635499207606975 0.5782881002087683
8 0.31061806656101426 0.6200417536534447 0.31378763866877973 0.6617954070981211 0.329635499207607 0.7369519832985386 0.3549920760697306 0.7766179540709812 0.3866877971473851 0.7974947807933194 0.4421553090332805 0.7807933194154488 0.4469096671949287 0.6993736951983298 0.4247226624405705 0.6889352818371608 0.38510301109350237 0.5260960334029228 0.3549920760697306 0.49478079331941544 0.3074484944532488 0.5469728601252609 0.31061806656101426 0.6200417536534447
2 0.14263074484944532 0.4405010438413361 0.14263074484944532 0.4592901878914405 0.14263074484944532 0.4906054279749478 0.14580031695721077 0.5198329853862212 0.15689381933438987 0.5553235908141962 0.18541996830427893 0.55741127348643 0.1949286846275753 0.5156576200417536 0.1774960380348653 0.49478079331941544 0.16323296354992076 0.44676409185803756 0.15055467511885895 0.4091858037578288 0.1410459587955626 0.4196242171189979 0.14263074484944532 0.4405010438413361
3 0.20602218700475436 0.2818371607515658 0.22979397781299524 0.17745302713987474 0.19809825673534073 0.1941544885177453 0.1838351822503962 0.27348643006263046 0.20602218700475436 0.2818371607515658
3 0.18066561014263074 0.27139874739039666 0.19334389857369255 0.20041753653444677 0.17432646592709986 0.21920668058455114 0.17274167987321712 0.267223382045929 0.18066561014263074 0.27139874739039666
9 0.2836767036450079 0.31315240083507306 0.2900158478605388 0.24425887265135698 0.2694136291600634 0.18580375782881003 0.2519809825673534 0.17118997912317327 0.23771790808240886 0.17536534446764093 0.2202852614896989 0.29227557411273486 0.2836767036450079 0.31315240083507306
7 0.196513470681458 0.46346555323590816 0.24722662440570523 0.5219206680584552 0.28526148969889065 0.5615866388308977 0.2884310618066561 0.4572025052192067 0.30269413629160064 0.33194154488517746 0.3074484944532488 0.26931106471816285 0.2836767036450079 0.20041753653444677 0.2583201267828843 0.1649269311064718 0.23137876386687797 0.16701461377870563 0.2076069730586371 0.29436325678496866 0.2091917591125198 0.29227557411273486 0.2076069730586371 0.2985386221294363 0.19809825673534073 0.40501043841336115 0.196513470681458 0.46346555323590816
1 0.2076069730586371 0.29227557411273486 0.21394611727416799 0.24634655532359082 0.22979397781299524 0.17118997912317327 0.19334389857369255 0.18997912317327767 0.18225039619651348 0.2045929018789144 0.17274167987321712 0.21920668058455114 0.16957210776545167 0.24634655532359082 0.16957210776545167 0.2651356993736952 0.1648177496038035 0.27139874739039666 0.15689381933438987 0.2839248434237996 0.15055467511885895 0.3089770354906054 0.1473851030110935 0.3298538622129436 0.1600633914421553 0.35490605427974947 0.16957210776545167 0.44467640918580376 0.1949286846275753 0.46555323590814196 0.2076069730586371 0.29227557411273486
15 0.1600633914421553 0.35490605427974947 0.14896988906497624 0.3277661795407098 0.15213946117274169 0.29436325678496866 0.1664025356576862 0.267223382045929 0.1600633914421553 0.2651356993736952 0.14580031695721077 0.2776617954070981 0.13946117274167988 0.31524008350730687 0.13946117274167988 0.3465553235908142 0.1347068145800317 0.36325678496868474 0.13312202852614896 0.3736951983298539 0.13312202852614896 0.3883089770354906 0.13629160063391443 0.3736951983298539 0.1410459587955626 0.3674321503131524 0.1473851030110935 0.3736951983298539 0.1537242472266244 0.3903966597077244 0.16798732171156894 0.44258872651356995 0.16957210776545167 0.44467640918580376 0.16164817749603805 0.3653444676409186 0.1600633914421553 0.35490605427974947