5 0.44333748443337484 0.5124153498871332 0.41344956413449563 0.5395033860045146 0.39103362391033625 0.5620767494356659 0.40597758405977585 0.5733634311512416 0.39352428393524286 0.6320541760722348 0.38107098381070986 0.6681715575620768 0.44956413449564137 0.6455981941309256 0.5193026151930261 0.5756207674943566 0.5466998754669987 0.5869074492099323 0.5591531755915318 0.6230248306997742 0.5616438356164384 0.690744920993228 0.5628891656288917 0.6884875846501128 0.5778331257783312 0.6817155756207675 0.5591531755915318 0.42663656884875845 0.5566625155666252 0.4198645598194131 0.526774595267746 0.4288939051918736 0.4943960149439601 0.4785553047404063 0.44333748443337484 0.5124153498871332
15 0.8318804483188045 0.39503386004514673 0.8443337484433375 0.4221218961625282 0.8356164383561644 0.3747178329571106 0.8356164383561644 0.3431151241534989 0.8318804483188045 0.3160270880361174 0.8244084682440846 0.28442437923250563 0.7932752179327521 0.29571106094808125 0.8082191780821918 0.4108352144469526 0.8181818181818182 0.3972911963882618 0.8318804483188045 0.39503386004514673
20 0.4246575342465753 0.2234762979683973 0.40473225404732255 0.2528216704288939 0.36114570361145704 0.32054176072234764 0.32503113325031135 0.3905191873589165 0.33872976338729766 0.3927765237020316 0.37982565379825656 0.3972911963882618 0.43462017434620176 0.40632054176072235 0.5305105853051059 0.4198645598194131 0.5491905354919053 0.38826185101580135 0.5703611457036114 0.31376975169300225 0.597758405977584 0.20316027088036118 0.44582814445828145 0.20090293453724606 0.4246575342465753 0.2234762979683973
14 0.5902864259028643 0.39503386004514673 0.6039850560398505 0.39503386004514673 0.6326276463262764 0.3905191873589165 0.6488169364881694 0.3724604966139955 0.6475716064757161 0.345372460496614 0.6276463262764632 0.32505643340857787 0.6027397260273972 0.32505643340857787 0.5865504358655044 0.35665914221218964 0.5902864259028643 0.39503386004514673
12 0.32503113325031135 0.38826185101580135 0.30884184308841844 0.39503386004514673 0.28268991282689915 0.4108352144469526 0.25653798256537985 0.42663656884875845 0.22042341220423411 0.45146726862302483 0.18929016189290163 0.4762979683972912 0.16936488169364883 0.5056433408577878 0.16189290161892902 0.5327313769751693 0.1706102117061021 0.5553047404063205 0.18306351183063513 0.5756207674943566 0.18306351183063513 0.5936794582392777 0.1980074719800747 0.5846501128668171 0.23038605230386053 0.5936794582392777 0.2752179327521793 0.6049661399548533 0.3125778331257783 0.5891647855530474 0.33997509339975096 0.5801354401805869 0.3835616438356164 0.5620767494356659 0.40473225404732255 0.5417607223476298 0.45080946450809467 0.5011286681715575 0.4943960149439601 0.47404063205417607 0.5292652552926526 0.417607223476298 0.32503113325031135 0.38826185101580135
11 0.3013698630136986 0.6997742663656885 0.3424657534246575 0.6884875846501128 0.3711083437110834 0.6704288939051919 0.39227895392278955 0.636568848758465 0.39975093399750933 0.6027088036117382 0.39975093399750933 0.5756207674943566 0.3848069738480697 0.5711060948081265 0.35990037359900373 0.5756207674943566 0.3275217932752179 0.5891647855530474 0.3026151930261519 0.5981941309255079 0.28393524283935245 0.618510158013544 0.28268991282689915 0.6455981941309256 0.29265255292652553 0.6568848758465011 0.29638854296388545 0.6839729119638827 0.299784897882939 0.6784321783295711 0.29638854296388545 0.690744920993228 0.32378580323785805 0.6884875846501128 0.3013698630136986 0.6997742663656885
10 0.1506849315068493 0.6162528216704289 0.16189290161892902 0.6455981941309256 0.18306351183063513 0.6704288939051919 0.22166874221668742 0.690744920993228 0.23910336239103364 0.6659142212189616 0.2590286425902864 0.6094808126410836 0.1980074719800747 0.5891647855530474 0.18306351183063513 0.6027088036117382 0.1780821917808219 0.5688487584650113 0.1569115815691158 0.5440180586907449 0.1506849315068493 0.6162528216704289
6 0.37484433374844334 0.6749435665914221 0.29763387297633875 0.6930022573363431 0.2901618929016189 0.6591422121896162 0.2889165628891656 0.6139954853273137 0.2590286425902864 0.6162528216704289 0.22042341220423411 0.6997742663656885 0.14196762141967623 0.6320541760722348 0.14196762141967623 0.6704288939051919 0.199252801992528 0.7246049661399548 0.20174346201743462 0.781038374717833 0.1643835616438356 0.7494356659142212 0.1382316313823163 0.7178329571106095 0.14196762141967623 0.7426636568848759 0.149439601494396 0.781038374717833 0.1656288916562889 0.8103837471783296 0.18181818181818182 0.835214446952596 0.20797011207970112 0.8623024830699775 0.23038605230386053 0.8758465011286681 0.25404732254047324 0.8848758465011287 0.2727272727272727 0.8848758465011287 0.3449564134495641 0.8848758465011287 0.40846824408468246 0.8690744920993227 0.41843088418430885 0.7697516930022573 0.4396014943960149 0.6523702031602708 0.37484433374844334 0.6749435665914221
17 0.47073474470734744 0.20090293453724606 0.5330012453300125 0.20316027088036118 0.6027397260273972 0.2054176072234763 0.6276463262764632 0.19413092550790068 0.7135740971357409 0.18058690744920994 0.8032378580323786 0.1580135440180587 0.7783312577833126 0.12641083521444696 0.7359900373599004 0.12189616252821671 0.701120797011208 0.11963882618510158 0.6264009962640099 0.13318284424379231 0.5753424657534246 0.13544018058690746 0.49937733499377335 0.14672686230248308 0.44209215442092153 0.20090293453724606 0.47073474470734744 0.20090293453724606
3 0.788293897882939 0.291196388261851 0.7696139476961394 0.17607223476297967 0.7036114570361146 0.1873589164785553 0.7210460772104608 0.32505643340857787 0.788293897882939 0.291196388261851
9 0.6089663760896638 0.23927765237020315 0.6039850560398505 0.2708803611738149 0.5915317559153176 0.3182844243792325 0.5952677459526775 0.3363431151241535 0.5591531755915318 0.37697516930022573 0.6027397260273972 0.3295711060948081 0.6251556662515566 0.32054176072234764 0.6450809464508095 0.33860045146726864 0.6550435865504358 0.3656884875846501 0.6824408468244084 0.3363431151241535 0.6861768368617683 0.18961625282167044 0.6176836861768369 0.21218961625282168 0.6089663760896638 0.23927765237020315
8 0.4533001245330012 0.6455981941309256 0.43462017434620176 0.6997742663656885 0.42092154420921546 0.7697516930022573 0.41344956413449563 0.8510158013544018 0.42341220423412207 0.8871331828442438 0.44209215442092153 0.9187358916478555 0.46450809464508097 0.945823927765237 0.49813200498132004 0.945823927765237 0.526774595267746 0.909706546275395 0.5504358655043586 0.8532731376975169 0.564134495641345 0.7878103837471784 0.5579078455790785 0.7178329571106095 0.5417185554171855 0.6681715575620768 0.5043586550435866 0.6275395033860045 0.46450809464508097 0.6297968397291196 0.4533001245330012 0.6455981941309256
2 0.7559153175591532 0.582392776523702 0.7658779576587795 0.6343115124153499 0.7957658779576587 0.6410835214446953 0.8156911581569116 0.6275395033860045 0.8293897882938979 0.5756207674943566 0.8343711083437111 0.510158013544018 0.821917808219178 0.45598194130925507 0.7957658779576587 0.44469525959367945 0.7559153175591532 0.582392776523702
13 0.13947696139476962 0.7155756207674944 0.15566625155666253 0.7404063205417607 0.1980074719800747 0.7742663656884876 0.1980074719800747 0.7291196388261851 0.17683686176836863 0.7020316027088036 0.13947696139476962 0.672686230248307 0.13947696139476962 0.7155756207674944
16 0.564134495641345 0.7426636568848759 0.6164383561643836 0.6975169300225733 0.7471980074719801 0.5846501128668171 0.7808219178082192 0.5146726862302483 0.651307596513076 0.6207674943566591 0.5616438356164384 0.6930022573363431 0.564134495641345 0.7426636568848759
1 0.7135740971357409 0.3656884875846501 0.7160647571606475 0.4018058690744921 0.7110834371108343 0.5756207674943566 0.7770859277708593 0.5146726862302483 0.8082191780821918 0.4040632054176072 0.7920298879202988 0.29571106094808125 0.7671232876712328 0.16930022573363432 0.6986301369863014 0.18058690744920994 0.7061021170610212 0.327313769751693 0.7135740971357409 0.3656884875846501
7 0.6189290161892902 0.20090293453724606 0.6002490660024906 0.2595936794582393 0.589041095890411 0.3047404063205418 0.572851805728518 0.3544018058690745 0.564134495641345 0.3860045146726862 0.5579078455790785 0.40632054176072235 0.5579078455790785 0.42437923250564336 0.5790784557907845 0.6794582392776524 0.709838107098381 0.5756207674943566 0.7148194271481942 0.39954853273137697 0.709838107098381 0.36343115124153497 0.7036114570361146 0.3227990970654628 0.6986301369863014 0.18510158013544017 0.6899128268991283 0.1873589164785553 0.6189290161892902 0.20090293453724606
18 0.8306351183063512 0.309255079006772 0.838107098381071 0.3476297968397291 0.8368617683686177 0.28216704288939054 0.821917808219178 0.27765237020316025 0.8306351183063512 0.309255079006772
3 0.7920298879202988 0.291196388261851 0.825653798256538 0.27539503386004516 0.8044831880448319 0.16478555304740405 0.7696139476961394 0.17155756207674944 0.7920298879202988 0.291196388261851