0 0.75125 0.49169435215946844 0.6675 0.45514950166112955 0.6175 0.4069767441860465 0.6 0.4169435215946844 0.55625 0.39867109634551495 0.505 0.3770764119601329 0.46 0.36212624584717606 0.47625 0.44019933554817275 0.48875 0.5199335548172758 0.49875 0.6212624584717608 0.5575 0.6910299003322259 0.635 0.7574750830564784 0.70375 0.8156146179401993 0.7575 0.8488372093023255 0.85 0.8654485049833887 0.9175 0.8538205980066446 0.99875 0.8471760797342193 0.99875 0.6777408637873754 0.99875 0.574750830564784 0.99875 0.49667774086378735 0.8975 0.5 0.82375 0.5016611295681063 0.75125 0.49169435215946844
11 0.63 0.4152823920265781 0.6475 0.43521594684385384 0.7 0.4684385382059801 0.76375 0.49667774086378735 0.83 0.4983388704318937 0.895 0.5 0.86875 0.23255813953488372 0.80625 0.23920265780730898 0.74125 0.24750830564784054 0.6725 0.27740863787375414 0.6275 0.3372093023255814 0.6175 0.39700996677740863 0.63 0.4152823920265781
19 0.995 0.0033222591362126247 0.925 0.0049833887043189366 0.835 0.006644518272425249 0.85 0.07641196013289037 0.86 0.14451827242524917 0.87375 0.22259136212624583 0.9425 0.23421926910299004 0.995 0.24584717607973422 0.995 0.0033222591362126247
15 0.54 0.061461794019933555 0.51 0.07641196013289037 0.4875 0.09634551495016612 0.45875 0.15282392026578073 0.435 0.2159468438538206 0.41625 0.2757475083056478 0.4125 0.292358803986711 0.40875 0.33222591362126247 0.4125 0.3637873754152824 0.41125 0.3953488372093023 0.41 0.43023255813953487 0.41375 0.4368770764119601 0.4175 0.3803986710963455 0.41625 0.34717607973421927 0.41375 0.3122923588039867 0.425 0.30066445182724255 0.4425 0.32059800664451826 0.45875 0.36046511627906974 0.53875 0.38704318936877075 0.5875 0.4069767441860465 0.6125 0.40365448504983387 0.64 0.3073089700996678 0.69 0.26578073089701 0.74625 0.23920265780730898 0.79375 0.23588039867109634 0.8375 0.23089700996677742 0.8725 0.2292358803986711 0.85125 0.10132890365448505 0.84125 0.054817275747508304 0.71 0.04983388704318937 0.61 0.061461794019933555 0.54 0.061461794019933555
1 0.505 0.0016611295681063123 0.425 0.0016611295681063123 0.385 0.11960132890365449 0.36875 0.14950166112956811 0.36125 0.1777408637873754 0.36625 0.2807308970099668 0.36625 0.3654485049833887 0.40625 0.43853820598006643 0.41125 0.3588039867109635 0.40875 0.2973421926910299 0.4525 0.14119601328903655 0.48 0.08637873754152824 0.49125 0.07142857142857142 0.505 0.0016611295681063123
7 0.4225 0.0033222591362126247 0.40125 0.0016611295681063123 0.395 0.011627906976744186 0.38875 0.02159468438538206 0.3775 0.04152823920265781 0.37 0.059800664451827246 0.34375 0.12458471760797342 0.34875 0.1345514950166113 0.325 0.15282392026578073 0.3225 0.20764119601328904 0.32625 0.24584717607973422 0.3325 0.3122923588039867 0.34875 0.3372093023255814 0.365 0.36212624584717606 0.365 0.26578073089701 0.36125 0.17940199335548174 0.3675 0.15282392026578073 0.38 0.12624584717607973 0.39125 0.10963455149501661 0.4225 0.0033222591362126247
14 0.33875 0.0946843853820598 0.31375 0.0946843853820598 0.3 0.09800664451827243 0.29875 0.132890365448505 0.32625 0.13122923588039867 0.34375 0.1378737541528239 0.33875 0.11960132890365449 0.33875 0.0946843853820598
8 0.31125 0.28903654485049834 0.315 0.33222591362126247 0.32375 0.3538205980066445 0.3475 0.35714285714285715 0.32375 0.3122923588039867 0.30875 0.2026578073089701 0.3075 0.24086378737541528 0.31125 0.28903654485049834
2 0.41625 0.4368770764119601 0.4125 0.5232558139534884 0.42125 0.5813953488372093 0.435 0.6428571428571429 0.4575 0.6694352159468439 0.48875 0.6777408637873754 0.54125 0.6760797342192691 0.4975 0.6179401993355482 0.48125 0.4850498338870432 0.46375 0.3953488372093023 0.44625 0.3289036544850498 0.42125 0.3687707641196013 0.41625 0.4368770764119601
9 0.36625 0.07308970099667775 0.34625 0.1345514950166113 0.39125 0.11794019933554817 0.4225 0.0016611295681063123 0.40125 0.0016611295681063123 0.36625 0.07308970099667775
3 0.3925 0.11960132890365449 0.4375 0.09634551495016612 0.465 0.0016611295681063123 0.42625 0.0033222591362126247 0.41 0.05647840531561462 0.3925 0.11960132890365449
5 0.32125 0.15780730897009967 0.315 0.16777408637873753 0.3075 0.18106312292358803 0.30375 0.1893687707641196 0.30625 0.19601328903654486 0.3075 0.2009966777408638 0.31 0.20764119601328904 0.315 0.22591362126245848 0.325 0.30564784053156147 0.33125 0.3106312292358804 0.3275 0.2691029900332226 0.3225 0.20930232558139536 0.32 0.19933554817275748 0.31625 0.19601328903654486 0.31375 0.19102990033222592 0.31375 0.18106312292358803 0.3175 0.1744186046511628 0.3225 0.17275747508305647 0.325 0.15448504983388706 0.32125 0.15780730897009967
11 0.88125 0.35714285714285715 0.89125 0.4950166112956811 0.9975 0.49335548172757476 0.99625 0.25083056478405313 0.93625 0.24086378737541528 0.87625 0.23421926910299004 0.88125 0.35714285714285715
16 0.365 0.3637873754152824 0.3325 0.31561461794019935 0.3275 0.3089700996677741 0.325 0.3222591362126246 0.3375 0.33554817275747506 0.38625 0.4219269102990033 0.40125 0.45182724252491696 0.40625 0.4750830564784053 0.40875 0.446843853820598 0.4025 0.4335548172757475 0.365 0.3637873754152824
3 0.48125 0.07973421926910298 0.49625 0.0049833887043189366 0.4725 0.0033222591362126247 0.44625 0.09136212624584718 0.48125 0.07973421926910298
3 0.705 0.046511627906976744 0.69875 0.0016611295681063123 0.525 0.0049833887043189366 0.515 0.07641196013289037 0.705 0.046511627906976744