20 0.47305389221556887 0.13518518518518519 0.4179640718562874 0.17037037037037037 0.3688622754491018 0.22037037037037038 0.32934131736526945 0.2722222222222222 0.29820359281437125 0.32037037037037036 0.36167664670658684 0.3592592592592593 0.43952095808383235 0.3888888888888889 0.5245508982035928 0.412962962962963 0.6035928143712574 0.43148148148148147 0.6491017964071857 0.29259259259259257 0.7065868263473054 0.17037037037037037 0.5676646706586826 0.14444444444444443 0.47305389221556887 0.13518518518518519
9 0.7520958083832335 0.18703703703703703 0.7065868263473054 0.2351851851851852 0.7209580838323353 0.37222222222222223 0.7389221556886227 0.37222222222222223 0.7712574850299401 0.3888888888888889 0.8107784431137725 0.37222222222222223 0.7916167664670659 0.17037037037037037 0.7520958083832335 0.18703703703703703
7 0.8035928143712575 0.1648148148148148 0.7964071856287425 0.15 0.7724550898203593 0.1537037037037037 0.7485029940119761 0.16296296296296298 0.7269461077844311 0.17592592592592593 0.7053892215568862 0.20185185185185187 0.6838323353293413 0.24074074074074073 0.667065868263473 0.2777777777777778 0.651497005988024 0.3277777777777778 0.6562874251497006 0.4666666666666667 0.6562874251497006 0.5555555555555556 0.6586826347305389 0.7296296296296296 0.6550898203592814 0.8074074074074075 0.8155688622754491 0.7074074074074074 0.8239520958083832 0.6037037037037037 0.8311377245508982 0.4685185185185185 0.8239520958083832 0.37407407407407406 0.8035928143712575 0.1648148148148148
8 0.5544910179640719 0.6722222222222223 0.5329341317365269 0.7148148148148148 0.518562874251497 0.774074074074074 0.5053892215568863 0.8444444444444444 0.4994011976047904 0.9166666666666666 0.49580838323353293 0.9574074074074074 0.5089820359281437 0.975925925925926 0.5389221556886228 0.9888888888888889 0.5796407185628742 0.9703703703703703 0.5964071856287425 0.9425925925925925 0.6119760479041916 0.9092592592592592 0.6251497005988024 0.8481481481481481 0.629940119760479 0.7814814814814814 0.6275449101796408 0.7314814814814815 0.615568862275449 0.6888888888888889 0.5952095808383233 0.6592592592592592 0.5760479041916168 0.6537037037037037 0.5544910179640719 0.6722222222222223
13 0.12934131736526946 0.6981481481481482 0.2467065868263473 0.7722222222222223 0.24910179640718563 0.6944444444444444 0.1377245508982036 0.6407407407407407 0.12934131736526946 0.6981481481481482
10 0.10179640718562874 0.6259259259259259 0.10179640718562874 0.6925925925925925 0.12095808383233533 0.7722222222222223 0.27664670658682633 0.8703703703703703 0.32455089820359284 0.8148148148148148 0.2946107784431138 0.6759259259259259 0.11377245508982035 0.587037037037037 0.10179640718562874 0.6259259259259259
6 0.47664670658682634 0.6314814814814815 0.4239520958083832 0.6537037037037037 0.3724550898203593 0.6611111111111111 0.35808383233532937 0.6407407407407407 0.30419161676646705 0.6351851851851852 0.29820359281437125 0.6185185185185185 0.21676646706586827 0.5944444444444444 0.20838323353293414 0.5685185185185185 0.18562874251497005 0.575925925925926 0.12934131736526946 0.5444444444444444 0.11017964071856287 0.524074074074074 0.09700598802395209 0.5981481481481481 0.10179640718562874 0.6981481481481482 0.09580838323353294 0.7685185185185185 0.11377245508982035 0.8055555555555556 0.1844311377245509 0.8703703703703703 0.28502994011976046 0.9333333333333333 0.3964071856287425 0.9666666666666667 0.49580838323353293 0.9555555555555556 0.5173652694610779 0.7833333333333333 0.5473053892215569 0.6759259259259259 0.47664670658682634 0.6314814814814815
11 0.2970059880239521 0.6277777777777778 0.3568862275449102 0.6407407407407407 0.37005988023952097 0.6611111111111111 0.39401197604790417 0.662962962962963 0.47305389221556887 0.6351851851851852 0.5041916167664671 0.5740740740740741 0.5245508982035928 0.5314814814814814 0.5233532934131736 0.5037037037037037 0.4682634730538922 0.5074074074074074 0.41916167664670656 0.5314814814814814 0.3532934131736527 0.5740740740740741 0.32455089820359284 0.5777777777777777 0.2970059880239521 0.6277777777777778
11 0.1473053892215569 0.49074074074074076 0.14610778443113773 0.46111111111111114 0.1688622754491018 0.43333333333333335 0.1688622754491018 0.40185185185185185 0.13652694610778443 0.46111111111111114 0.12455089820359282 0.4666666666666667 0.11017964071856287 0.524074074074074 0.13293413173652693 0.5444444444444444 0.1473053892215569 0.49074074074074076
12 0.32455089820359284 0.5740740740740741 0.35808383233532937 0.5703703703703704 0.3904191616766467 0.55 0.4550898203592814 0.5148148148148148 0.49820359281437127 0.5 0.5269461077844312 0.5074074074074074 0.5580838323353293 0.4759259259259259 0.5916167664670658 0.44814814814814813 0.5988023952095808 0.43148148148148147 0.5017964071856288 0.40555555555555556 0.4359281437125748 0.3888888888888889 0.39281437125748503 0.37592592592592594 0.3317365269461078 0.34629629629629627 0.2970059880239521 0.3296296296296296 0.288622754491018 0.3277777777777778 0.19760479041916168 0.37962962962962965 0.16526946107784432 0.40370370370370373 0.17005988023952096 0.42777777777777776 0.14850299401197606 0.4648148148148148 0.14850299401197606 0.4962962962962963 0.19760479041916168 0.5425925925925926 0.2251497005988024 0.5185185185185185 0.2311377245508982 0.5537037037037037 0.2958083832335329 0.5740740740740741 0.32455089820359284 0.5740740740740741
17 0.7089820359281437 0.17222222222222222 0.7473053892215569 0.1537037037037037 0.792814371257485 0.14629629629629629 0.8347305389221557 0.15 0.8562874251497006 0.15185185185185185 0.8215568862275449 0.13518518518518519 0.7748502994011977 0.12777777777777777 0.7353293413173653 0.11481481481481481 0.6958083832335329 0.1111111111111111 0.6526946107784432 0.10740740740740741 0.6251497005988024 0.10185185185185185 0.5736526946107784 0.10555555555555556 0.5497005988023952 0.10925925925925926 0.5089820359281437 0.11666666666666667 0.47305389221556887 0.13148148148148148 0.7089820359281437 0.17222222222222222
16 0.7604790419161677 0.7703703703703704 0.8455089820359282 0.7092592592592593 0.8730538922155688 0.6777777777777778 0.8754491017964072 0.6481481481481481 0.8215568862275449 0.7037037037037037 0.6311377245508982 0.8240740740740741 0.6359281437125749 0.8518518518518519 0.7604790419161677 0.7703703703703704
5 0.5604790419161677 0.6518518518518519 0.5676646706586826 0.6481481481481481 0.5976047904191617 0.6259259259259259 0.6239520958083832 0.6462962962962963 0.6383233532934132 0.6796296296296296 0.6383233532934132 0.7462962962962963 0.6287425149700598 0.8203703703703704 0.6550898203592814 0.8018518518518518 0.6598802395209581 0.46296296296296297 0.6071856287425149 0.43333333333333335 0.5401197604790419 0.49444444444444446 0.5269461077844312 0.5185185185185185 0.47664670658682634 0.6240740740740741 0.5449101796407185 0.674074074074074 0.5604790419161677 0.6518518518518519
3 0.8287425149700599 0.3648148148148148 0.8982035928143712 0.3425925925925926 0.8982035928143712 0.32037037037037036 0.881437125748503 0.2037037037037037 0.8730538922155688 0.1814814814814815 0.8119760479041916 0.1685185185185185 0.8287425149700599 0.3648148148148148
1 0.8323353293413174 0.4685185185185185 0.8275449101796407 0.5259259259259259 0.8251497005988024 0.6074074074074074 0.8155688622754491 0.7055555555555556 0.8467065868263473 0.6759259259259259 0.8718562874251496 0.6518518518518519 0.8802395209580839 0.6388888888888888 0.8826347305389222 0.6055555555555555 0.8838323353293414 0.5740740740740741 0.8994011976047904 0.5444444444444444 0.9137724550898204 0.524074074074074 0.9401197604790419 0.44814814814814813 0.9317365269461078 0.42407407407407405 0.9161676646706587 0.34444444444444444 0.9041916167664671 0.3314814814814815 0.8910179640718563 0.20555555555555555 0.8850299401197604 0.18333333333333332 0.8682634730538922 0.1685185185185185 0.8467065868263473 0.1574074074074074 0.7976047904191617 0.14814814814814814 0.8047904191616766 0.16666666666666666 0.8239520958083832 0.37222222222222223 0.8323353293413174 0.4685185185185185
2 0.8826347305389222 0.5703703703703704 0.8838323353293414 0.5962962962962963 0.8778443113772455 0.6537037037037037 0.8718562874251496 0.6833333333333333 0.8395209580838323 0.7185185185185186 0.8155688622754491 0.737037037037037 0.8359281437125748 0.75 0.8622754491017964 0.7518518518518519 0.9017964071856287 0.7444444444444445 0.9149700598802395 0.7333333333333333 0.9233532934131736 0.7 0.9269461077844311 0.6777777777777778 0.9389221556886228 0.6388888888888888 0.9437125748502994 0.5962962962962963 0.9305389221556887 0.5537037037037037 0.9125748502994012 0.5277777777777778 0.8826347305389222 0.5703703703703704
14 0.7137724550898203 0.37777777777777777 0.7053892215568862 0.3925925925925926 0.7029940119760479 0.4166666666666667 0.6982035928143713 0.4388888888888889 0.6862275449101797 0.4444444444444444 0.681437125748503 0.46296296296296297 0.6850299401197605 0.4722222222222222 0.6898203592814371 0.48703703703703705 0.6970059880239521 0.4888888888888889 0.7125748502994012 0.49074074074074076 0.7209580838323353 0.4740740740740741 0.725748502994012 0.45185185185185184 0.7497005988023953 0.45555555555555555 0.7652694610778443 0.4444444444444444 0.7796407185628742 0.42407407407407405 0.7808383233532934 0.3907407407407407 0.7532934131736527 0.37222222222222223 0.7269461077844311 0.3685185185185185 0.7137724550898203 0.37777777777777777
15 0.932934131736527 0.42777777777777776 0.9425149700598803 0.4462962962962963 0.9137724550898204 0.5185185185185185 0.9341317365269461 0.512962962962963 0.9437125748502994 0.5018518518518519 0.9497005988023952 0.4888888888888889 0.9532934131736527 0.4740740740740741 0.9556886227544911 0.46111111111111114 0.9580838323353293 0.45 0.9556886227544911 0.4388888888888889 0.9556886227544911 0.40185185185185185 0.9437125748502994 0.3685185185185185 0.9508982035928144 0.34444444444444444 0.9389221556886228 0.3037037037037037 0.9173652694610779 0.34074074074074073 0.932934131736527 0.42777777777777776
3 0.9125748502994012 0.3333333333333333 0.9341317365269461 0.3055555555555556 0.925748502994012 0.2722222222222222 0.911377245508982 0.23703703703703705 0.8934131736526946 0.2111111111111111 0.9053892215568863 0.3277777777777778 0.9125748502994012 0.3333333333333333
9 0.6682634730538922 0.34444444444444444 0.667065868263473 0.42777777777777776 0.6694610778443114 0.45 0.6922155688622754 0.43703703703703706 0.6994011976047905 0.42962962962962964 0.7017964071856287 0.4111111111111111 0.704191616766467 0.38333333333333336 0.7017964071856287 0.3388888888888889 0.6958083832335329 0.26851851851851855 0.6682634730538922 0.34444444444444444
0 0.962874251497006 0.5592592592592592 0.9652694610778443 0.5277777777777778 0.9664670658682635 0.49074074074074076 0.9652694610778443 0.45925925925925926 0.962874251497006 0.4444444444444444 0.9568862275449102 0.4425925925925926 0.9604790419161676 0.45185185185185184 0.9604790419161676 0.46296296296296297 0.9580838323353293 0.48333333333333334 0.9520958083832335 0.5092592592592593 0.9568862275449102 0.5425925925925926 0.9568862275449102 0.5722222222222222 0.9568862275449102 0.5981481481481481 0.962874251497006 0.5592592592592592