15 0.5018820577164367 0.5876460767946577 0.588456712672522 0.5275459098497496 0.6348808030112923 0.5642737896494157 0.6361355081555834 0.6360601001669449 0.7164366373902133 0.5876460767946577 0.7314930991217063 0.46243739565943237 0.7289836888331243 0.3823038397328882 0.71267252195734 0.332220367278798 0.5144291091593476 0.3555926544240401 0.38268506900878296 0.3806343906510851 0.4027603513174404 0.5809682804674458 0.5018820577164367 0.5876460767946577
3 0.7026348808030113 0.328881469115192 0.6649937264742786 0.17529215358931552 0.5457967377666249 0.18864774624373956 0.5269761606022585 0.34557595993322204 0.7026348808030113 0.328881469115192
14 0.8419071518193224 0.3088480801335559 0.8469259723964868 0.32387312186978295 0.8657465495608532 0.32220367278797996 0.8820577164366374 0.32220367278797996 0.8870765370138017 0.3121869782971619 0.8883312421580929 0.29716193656093487 0.8782936010037641 0.2871452420701169 0.8582183186951067 0.28046744574290483 0.8469259723964868 0.28046744574290483 0.8419071518193224 0.2938230383973289 0.8419071518193224 0.3088480801335559
7 0.726474278544542 0.37061769616026713 0.7314930991217063 0.4290484140233723 0.7189460476787954 0.5876460767946577 0.795483061480552 0.5442404006677797 0.8607277289836889 0.5041736227045075 0.8682559598494354 0.48247078464106846 0.8782936010037641 0.3639398998330551 0.8644918444165621 0.332220367278798 0.848180677540778 0.32387312186978295 0.8393977415307403 0.29549248747913187 0.8130489335006273 0.25542570951585974 0.7917189460476788 0.2287145242070117 0.7691342534504392 0.2036727879799666 0.7528230865746549 0.19031719532554256 0.7340025094102886 0.18196994991652754 0.7026348808030113 0.17529215358931552 0.6813048933500627 0.17362270450751252 0.6951066499372648 0.21535893155258765 0.7114178168130489 0.28213689482470783 0.7202007528230866 0.32554257095158595 0.7151819322459222 0.337228714524207 0.726474278544542 0.37061769616026713
16 0.6323713927227101 0.657762938230384 0.8619824341279799 0.5175292153589316 0.8594730238393977 0.5025041736227045 0.6336260978670013 0.6393989983305509 0.6323713927227101 0.657762938230384
2 0.44416562107904645 0.7929883138564274 0.479297365119197 0.8430717863105175 0.5219573400250941 0.8447412353923205 0.5721455457967378 0.8130217028380634 0.6035131744040151 0.7579298831385642 0.6185696361355082 0.7045075125208681 0.6311166875784191 0.6377295492487479 0.6273525721455459 0.5859766277128547 0.5846925972396487 0.5509181969949917 0.5119196988707654 0.5792988313856428 0.44291091593475534 0.7362270450751253 0.44416562107904645 0.7929883138564274
8 0.8883312421580929 0.44240400667779634 0.8795483061480552 0.4657762938230384 0.8657465495608532 0.4958263772954925 0.8644918444165621 0.5158597662771286 0.8531994981179423 0.5275459098497496 0.8519447929736512 0.5475792988313857 0.8657465495608532 0.5592654424040067 0.8958594730238394 0.5592654424040067 0.917189460476788 0.5108514190317195 0.9284818067754078 0.4540901502504174 0.9284818067754078 0.4240400667779633 0.9284818067754078 0.41068447412353926 0.9222082810539524 0.3989983305509182 0.9058971141781681 0.3989983305509182 0.8883312421580929 0.44240400667779634
5 0.8644918444165621 0.33889816360601 0.877038895859473 0.3572621035058431 0.875784190715182 0.41235392320534225 0.8644918444165621 0.4991652754590985 0.9134253450439147 0.39065108514190316 0.9259723964868256 0.38731218697829717 0.9322459222082811 0.4257095158597663 0.9322459222082811 0.3806343906510851 0.917189460476788 0.33889816360601 0.8820577164366374 0.32053422370617696 0.8544542032622334 0.32554257095158595 0.8644918444165621 0.33889816360601
17 0.45420326223337515 0.18363939899833054 0.5859473023839398 0.17028380634390652 0.6762860727728983 0.1669449081803005 0.7465495608531995 0.17696160267111852 0.7151819322459222 0.16193656093489148 0.6135508155583438 0.14691151919866444 0.41530740276035133 0.15025041736227046 0.35508155583437895 0.15859766277128548 0.4215809284818068 0.16026711185308848 0.45671267252195735 0.17028380634390652 0.45420326223337515 0.18363939899833054
4 0.3575909661229611 0.17362270450751252 0.3161856963613551 0.17195325542570952 0.2848180677540778 0.17362270450751252 0.2584692597239649 0.17696160267111852 0.18444165621079048 0.25208681135225375 0.1342534504391468 0.3105175292153589 0.2521957340025094 0.34557595993322204 0.38268506900878296 0.3722871452420701 0.45294855708908405 0.18363939899833054 0.3575909661229611 0.17362270450751252
18 0.4015056461731493 0.5442404006677797 0.38017565872020076 0.39065108514190316 0.32496863237139273 0.3973288814691152 0.26223337515683814 0.44407345575959933 0.26348808030112925 0.5242070116861436 0.342534504391468 0.5459098497495827 0.4015056461731493 0.5442404006677797
13 0.20200752823086573 0.5175292153589316 0.20702634880803011 0.44073455759599334 0.12170639899623588 0.4056761268781302 0.11668757841907151 0.4657762938230384 0.20200752823086573 0.5175292153589316
0 0.10414052697616061 0.5676126878130217 0.11417816813048934 0.6076794657762938 0.17565872020075282 0.6911519198664441 0.29234629861982436 0.7662771285475793 0.42534504391468003 0.7712854757929883 0.44291091593475534 0.7262103505843072 0.5006273525721455 0.5776293823038398 0.4755332496863237 0.5742904841402338 0.40401505646173147 0.5859766277128547 0.3989962358845671 0.5442404006677797 0.3575909661229611 0.5442404006677797 0.32747804265997493 0.5425709515859767 0.2948557089084065 0.5358931552587646 0.26474278544542035 0.5258764607679466 0.2672521957340025 0.5709515859766278 0.178168130489335 0.5258764607679466 0.11292346298619825 0.4774624373956594 0.09912170639899624 0.44741235392320533 0.08281053952321205 0.4757929883138564 0.10414052697616061 0.5676126878130217
19 0.3237139272271016 0.3622704507512521 0.24090338770388958 0.34891485809682804 0.1355081555834379 0.3088480801335559 0.11041405269761606 0.32554257095158595 0.09535759096612297 0.3656093489148581 0.10163111668757842 0.4507512520868113 0.11794228356336262 0.48580968280467446 0.1794228356336261 0.5292153589315526 0.26348808030112925 0.5692821368948247 0.26348808030112925 0.5342237061769616 0.26474278544542035 0.44407345575959933 0.28732747804265996 0.41402337228714525 0.38143036386449186 0.38898163606010017 0.383939774153074 0.3622704507512521 0.3237139272271016 0.3622704507512521
9 0.8306148055207027 0.2871452420701169 0.8117942283563363 0.2587646076794658 0.7992471769134254 0.24040066777963273 0.7841907151819323 0.22370617696160267 0.7703889585947302 0.21035058430717862 0.7503136762860728 0.19365609348914858 0.7314930991217063 0.18697829716193656 0.7139272271016311 0.18196994991652754 0.6888331242158093 0.18196994991652754 0.6963613550815558 0.20534223706176963 0.7026348808030113 0.2303839732888147 0.7151819322459222 0.28213689482470783 0.7252195734002509 0.330550918196995 0.8343789209535759 0.32053422370617696 0.8306148055207027 0.2871452420701169
19 0.45545796737766625 0.1669449081803005 0.4353826850690088 0.16193656093489148 0.4077791718946048 0.16026711185308848 0.3601003764115433 0.15859766277128548 0.34002509410288584 0.15692821368948248 0.31493099121706397 0.15859766277128548 0.30238393977415307 0.16026711185308848 0.2835633626097867 0.1636060100166945 0.26348808030112925 0.1686143572621035 0.28983688833124216 0.17028380634390652 0.31493099121706397 0.1686143572621035 0.34880803011292344 0.17028380634390652 0.39523212045169387 0.17529215358931552 0.45294855708908405 0.18530884808013356 0.45671267252195735 0.17362270450751252 0.45545796737766625 0.1669449081803005