10 0.2109181141439206 0.5126050420168067 0.19478908188585609 0.4831932773109244 0.1600496277915633 0.44537815126050423 0.1501240694789082 0.47689075630252103 0.1401985111662531 0.5210084033613446 0.14764267990074442 0.5651260504201681 0.17990074441687345 0.5987394957983193 0.21836228287841192 0.5399159663865546 0.2109181141439206 0.5126050420168067
13 0.13027295285359802 0.5546218487394958 0.13027295285359802 0.6050420168067226 0.1687344913151365 0.6974789915966386 0.17369727047146402 0.6428571428571429 0.13027295285359802 0.5546218487394958
6 0.18610421836228289 0.5987394957983193 0.1588089330024814 0.5819327731092437 0.14392059553349876 0.542016806722689 0.1401985111662531 0.5 0.12903225806451613 0.542016806722689 0.14516129032258066 0.5861344537815126 0.17369727047146402 0.6365546218487395 0.17369727047146402 0.6848739495798319 0.1575682382133995 0.6785714285714286 0.14392059553349876 0.6323529411764706 0.1327543424317618 0.6092436974789915 0.1600496277915633 0.7521008403361344 0.19230769230769232 0.8004201680672269 0.22704714640198512 0.8319327731092437 0.2679900744416873 0.8634453781512605 0.31141439205955335 0.8970588235294118 0.3511166253101737 0.9117647058823529 0.3746898263027295 0.8928571428571429 0.3870967741935484 0.8130252100840336 0.4106699751861042 0.7478991596638656 0.445409429280397 0.6995798319327731 0.4218362282878412 0.6848739495798319 0.38213399503722084 0.634453781512605 0.3436724565756824 0.634453781512605 0.31141439205955335 0.6407563025210085 0.2692307692307692 0.6386554621848739 0.23449131513647642 0.6281512605042017 0.21215880893300249 0.6218487394957983 0.228287841191067 0.6050420168067226 0.2555831265508685 0.5714285714285714 0.22332506203473945 0.5567226890756303 0.18610421836228289 0.5987394957983193
12 0.49007444168734493 0.42857142857142855 0.5235732009925558 0.41386554621848737 0.45905707196029777 0.3802521008403361 0.4094292803970223 0.3550420168067227 0.37220843672456577 0.33403361344537813 0.34615384615384615 0.3172268907563025 0.3225806451612903 0.28991596638655465 0.27667493796526055 0.3088235294117647 0.23821339950372208 0.32983193277310924 0.20471464019851116 0.34663865546218486 0.17493796526054592 0.38235294117647056 0.1575682382133995 0.4180672268907563 0.1761786600496278 0.46008403361344535 0.20967741935483872 0.5 0.22580645161290322 0.5315126050420168 0.24317617866004962 0.5441176470588235 0.27667493796526055 0.5126050420168067 0.32878411910669975 0.5 0.38213399503722084 0.4957983193277311 0.4441687344913151 0.46008403361344535 0.49007444168734493 0.42857142857142855
20 0.5632754342431762 0.16806722689075632 0.5248138957816377 0.16176470588235295 0.4838709677419355 0.15126050420168066 0.43672456575682383 0.1869747899159664 0.369727047146402 0.25 0.33126550868486354 0.28991596638655465 0.3684863523573201 0.3277310924369748 0.42555831265508687 0.3550420168067227 0.46898263027295284 0.37815126050420167 0.5024813895781638 0.3949579831932773 0.532258064516129 0.39705882352941174 0.5818858560794045 0.3382352941176471 0.6364764267990074 0.25 0.6935483870967742 0.19747899159663865 0.6191066997518611 0.18277310924369747 0.5632754342431762 0.16806722689075632
5 0.5074441687344913 0.4222689075630252 0.4218362282878412 0.47478991596638653 0.3746898263027295 0.5126050420168067 0.39826302729528534 0.5168067226890757 0.41935483870967744 0.523109243697479 0.38213399503722084 0.5903361344537815 0.4032258064516129 0.6113445378151261 0.45285359801488834 0.6491596638655462 0.4813895781637717 0.615546218487395 0.5235732009925558 0.6071428571428571 0.5583126550868487 0.6218487394957983 0.5719602977667494 0.6764705882352942 0.5744416873449132 0.7710084033613446 0.5992555831265509 0.7584033613445378 0.5992555831265509 0.7163865546218487 0.5942928039702233 0.6428571428571429 0.6017369727047146 0.49789915966386555 0.5992555831265509 0.43067226890756305 0.5818858560794045 0.40336134453781514 0.5669975186104218 0.36764705882352944 0.5074441687344913 0.4222689075630252
14 0.652605459057072 0.4495798319327731 0.6588089330024814 0.41386554621848737 0.6823821339950372 0.4096638655462185 0.7109181141439206 0.40756302521008403 0.7084367245657568 0.36764705882352944 0.6873449131513648 0.3550420168067227 0.6538461538461539 0.3550420168067227 0.6364764267990074 0.40756302521008403 0.6339950372208437 0.45168067226890757 0.652605459057072 0.4495798319327731
17 0.847394540942928 0.17647058823529413 0.8014888337468983 0.15336134453781514 0.7208436724565757 0.14915966386554622 0.6439205955334988 0.1323529411764706 0.5347394540942928 0.11974789915966387 0.48635235732009924 0.15546218487394958 0.5248138957816377 0.15966386554621848 0.5707196029776674 0.17016806722689076 0.6277915632754343 0.18277310924369747 0.6960297766749379 0.1953781512605042 0.728287841191067 0.17857142857142858 0.8200992555831266 0.18277310924369747 0.8610421836228288 0.1953781512605042 0.847394540942928 0.17647058823529413
9 0.7481389578163772 0.19747899159663865 0.7084367245657568 0.21428571428571427 0.6799007444168734 0.25210084033613445 0.6352357320099256 0.31932773109243695 0.5905707196029777 0.39915966386554624 0.5856079404466501 0.42016806722689076 0.6017369727047146 0.4222689075630252 0.6339950372208437 0.41596638655462187 0.6501240694789082 0.36134453781512604 0.6699751861042184 0.35294117647058826 0.6960297766749379 0.3592436974789916 0.7109181141439206 0.3907563025210084 0.7580645161290323 0.36764705882352944 0.7617866004962779 0.3445378151260504 0.7704714640198511 0.20588235294117646 0.7481389578163772 0.19747899159663865
3 0.8684863523573201 0.3277310924369748 0.858560794044665 0.26260504201680673 0.8498759305210918 0.21008403361344538 0.7878411910669976 0.20798319327731093 0.7803970223325062 0.3592436974789916 0.8684863523573201 0.3277310924369748
15 0.8535980148883374 0.49369747899159666 0.8374689826302729 0.5546218487394958 0.8176178660049628 0.6050420168067226 0.8362282878411911 0.5987394957983193 0.8647642679900744 0.5042016806722689 0.890818858560794 0.4789915966386555 0.9007444168734491 0.49159663865546216 0.901985111662531 0.5315126050420168 0.8957816377171216 0.5735294117647058 0.9069478908188585 0.5525210084033614 0.9094292803970223 0.4957983193277311 0.9081885856079405 0.45168067226890757 0.913151364764268 0.3760504201680672 0.9119106699751861 0.33613445378151263 0.9069478908188585 0.3067226890756303 0.8982630272952854 0.3130252100840336 0.8883374689826302 0.31932773109243695 0.869727047146402 0.32983193277310924 0.8746898263027295 0.3487394957983193 0.8734491315136477 0.4222689075630252 0.8535980148883374 0.49369747899159666
1 0.8399503722084367 0.20588235294117646 0.815136476426799 0.20378151260504201 0.7816377171215881 0.20168067226890757 0.7791563275434243 0.34663865546218486 0.7816377171215881 0.36554621848739494 0.7754342431761787 0.4642857142857143 0.7655086848635235 0.5630252100840336 0.7568238213399504 0.6470588235294118 0.8176178660049628 0.6050420168067226 0.8449131513647643 0.523109243697479 0.8672456575682382 0.4474789915966387 0.8759305210918115 0.3739495798319328 0.8684863523573201 0.3319327731092437 0.8511166253101737 0.20798319327731093 0.8399503722084367 0.20588235294117646
7 0.6017369727047146 0.5 0.5955334987593052 0.634453781512605 0.5967741935483871 0.7457983193277311 0.684863523573201 0.6911764705882353 0.7555831265508685 0.6470588235294118 0.7617866004962779 0.5966386554621849 0.7729528535980149 0.4957983193277311 0.7803970223325062 0.3634453781512605 0.7816377171215881 0.20168067226890757 0.739454094292804 0.20378151260504201 0.705955334987593 0.21638655462184875 0.673697270471464 0.25210084033613445 0.641439205955335 0.3004201680672269 0.6104218362282878 0.3550420168067227 0.5831265508684863 0.4117647058823529 0.5967741935483871 0.4327731092436975 0.6017369727047146 0.5
8 0.45409429280397023 0.7100840336134454 0.43672456575682383 0.7184873949579832 0.413151364764268 0.7457983193277311 0.3883374689826303 0.8025210084033614 0.3858560794044665 0.8466386554621849 0.39950372208436724 0.8760504201680672 0.4218362282878412 0.907563025210084 0.45037220843672454 0.9201680672268907 0.47766749379652607 0.907563025210084 0.5148883374689827 0.8676470588235294 0.5409429280397022 0.7983193277310925 0.5632754342431762 0.7289915966386554 0.5558312655086849 0.6302521008403361 0.5260545905707196 0.6071428571428571 0.4838709677419355 0.6197478991596639 0.45285359801488834 0.6533613445378151 0.4317617866004963 0.680672268907563 0.45409429280397023 0.7100840336134454
2 0.8684863523573201 0.4957983193277311 0.8535980148883374 0.5315126050420168 0.8411910669975186 0.5840336134453782 0.8312655086848635 0.6281512605042017 0.8176178660049628 0.634453781512605 0.8325062034739454 0.657563025210084 0.8535980148883374 0.6617647058823529 0.8672456575682382 0.6491596638655462 0.8784119106699751 0.6260504201680672 0.8895781637717122 0.5798319327731093 0.8970223325062034 0.5441176470588235 0.8957816377171216 0.49789915966386555 0.8846153846153846 0.4831932773109244 0.8684863523573201 0.4957983193277311
3 0.8746898263027295 0.23109243697478993 0.8635235732009926 0.2184873949579832 0.8523573200992556 0.21218487394957983 0.869727047146402 0.3235294117647059 0.8883374689826302 0.31512605042016806 0.8933002481389578 0.2773109243697479 0.8746898263027295 0.23109243697478993
16 0.8238213399503722 0.6260504201680672 0.8325062034739454 0.6176470588235294 0.8362282878411911 0.6008403361344538 0.8163771712158809 0.6092436974789915 0.8089330024813896 0.615546218487395 0.7555831265508685 0.6470588235294118 0.6017369727047146 0.7352941176470589 0.6029776674937966 0.7542016806722689 0.8238213399503722 0.6260504201680672