11 0.5860349127182045 0.6127272727272727 0.6047381546134664 0.6436363636363637 0.6296758104738155 0.6854545454545454 0.6608478802992519 0.7145454545454546 0.7182044887780549 0.7236363636363636 0.7668329177057357 0.7163636363636363 0.8266832917705735 0.7072727272727273 0.8653366583541147 0.6618181818181819 0.8603491271820449 0.6254545454545455 0.8416458852867831 0.6054545454545455 0.7967581047381546 0.6 0.7331670822942643 0.5981818181818181 0.683291770573566 0.5745454545454546 0.6384039900249376 0.5818181818181818 0.5847880299251871 0.5890909090909091 0.5860349127182045 0.6127272727272727
10 0.9675810473815462 0.5054545454545455 0.9326683291770573 0.5618181818181818 0.8603491271820449 0.6163636363636363 0.8708109650872818 0.6689095381818182 0.8940149625935162 0.6527272727272727 0.9364089775561097 0.6163636363636363 0.9675810473815462 0.5345454545454545 0.9675810473815462 0.5054545454545455
6 0.543640897755611 0.7218181818181818 0.5748129675810474 0.8618181818181818 0.5822942643391521 0.9254545454545454 0.6446384039900249 0.9654545454545455 0.7593516209476309 0.9690909090909091 0.8366583541147132 0.9363636363636364 0.8740648379052369 0.8927272727272727 0.9152119700748129 0.8145454545454546 0.9488778054862843 0.74 0.9588528678304239 0.6890909090909091 0.9688279301745636 0.6363636363636364 0.9750623441396509 0.5818181818181818 0.986284289276808 0.5509090909090909 0.9713216957605985 0.5054545454545455 0.9625935162094763 0.5581818181818182 0.9451371571072319 0.62 0.9027431421446384 0.6545454545454545 0.8516209476309227 0.6963636363636364 0.7556109725685786 0.7181818181818181 0.6733167082294265 0.7254545454545455 0.6271820448877805 0.7090909090909091 0.5822942643391521 0.5890909090909091 0.5037406483790524 0.62 0.543640897755611 0.7218181818181818
12 0.47880299251870323 0.42727272727272725 0.5498753117206983 0.47454545454545455 0.6221945137157108 0.5309090909090909 0.6683291770573566 0.5727272727272728 0.7780548628428927 0.6 0.8615960099750624 0.5963636363636363 0.9226932668329177 0.5581818181818182 0.9625935162094763 0.5145454545454545 0.9713216957605985 0.4690909090909091 0.9526184538653366 0.4109090909090909 0.9114713216957606 0.35818181818181816 0.8503740648379052 0.3145454545454546 0.7992518703241895 0.2818181818181818 0.7456359102244389 0.26181818181818184 0.7182044887780549 0.24909090909090909 0.40648379052369077 0.3181818181818182 0.4239401496259352 0.3690909090909091 0.47880299251870323 0.42727272727272725
20 0.31296758104738154 0.13818181818181818 0.36783042394014964 0.2818181818181818 0.41271820448877805 0.32 0.4513715710723192 0.30727272727272725 0.5286783042394015 0.2909090909090909 0.6034912718204489 0.2672727272727273 0.7069825436408977 0.24545454545454545 0.6870324189526185 0.22181818181818183 0.6334164588528678 0.16363636363636364 0.57356608478803 0.11454545454545455 0.5024937655860349 0.06181818181818182 0.39276807980049877 0.05272727272727273 0.2805486284289277 0.07636363636363637 0.31296758104738154 0.13818181818181818
17 0.3778054862842893 0.04181818181818182 0.2942643391521197 0.02909090909090909 0.2169576059850374 0.03090909090909091 0.1483790523690773 0.03636363636363636 0.09351620947630923 0.07090909090909091 0.12718204488778054 0.05818181818181818 0.17830423940149626 0.04181818181818182 0.22693266832917705 0.05818181818181818 0.27805486284289277 0.07090909090909091 0.45885286783042395 0.05818181818181818 0.3778054862842893 0.04181818181818182
14 0.26807980049875313 0.22727272727272727 0.23690773067331672 0.23454545454545456 0.20947630922693267 0.24181818181818182 0.20074812967581046 0.26545454545454544 0.21571072319201995 0.2927272727272727 0.23940149625935161 0.29818181818181816 0.27680798004987534 0.30363636363636365 0.32169576059850374 0.3109090909090909 0.300498753117207 0.28909090909090907 0.2880299251870324 0.2545454545454545 0.26807980049875313 0.22727272727272727
5 0.3316708229426434 0.7 0.3566084788029925 0.7236363636363636 0.36783042394014964 0.5927272727272728 0.4139650872817955 0.5527272727272727 0.45261845386533667 0.5636363636363636 0.5 0.6181818181818182 0.5224438902743143 0.610909090909091 0.5511221945137157 0.6036363636363636 0.5723192019950125 0.5854545454545454 0.628428927680798 0.5745454545454546 0.6708229426433915 0.5745454545454546 0.5473815461346634 0.4781818181818182 0.45760598503740646 0.42 0.4114713216957606 0.3490909090909091 0.40399002493765584 0.3090909090909091 0.37032418952618457 0.28363636363636363 0.3516209476309227 0.2927272727272727 0.3628428927680798 0.3327272727272727 0.3316708229426434 0.3418181818181818 0.3229426433915212 0.4309090909090909 0.3254364089775561 0.5709090909090909 0.3316708229426434 0.7
9 0.1633416458852868 0.22363636363636363 0.19451371571072318 0.2509090909090909 0.23690773067331672 0.2309090909090909 0.26184538653366585 0.22363636363636363 0.27680798004987534 0.2309090909090909 0.2880299251870324 0.25272727272727274 0.2955112219451372 0.2818181818181818 0.3316708229426434 0.29454545454545455 0.33541147132169574 0.2636363636363636 0.2967581047381546 0.1781818181818182 0.2655860349127182 0.10727272727272727 0.23192019950124687 0.06727272727272728 0.185785536159601 0.056363636363636366 0.1708229426433915 0.11818181818181818 0.1633416458852868 0.22363636363636363
3 0.10349127182044887 0.07454545454545454 0.07855361596009976 0.13454545454545455 0.0773067331670823 0.1690909090909091 0.11471321695760599 0.20545454545454545 0.15087281795511223 0.22 0.17581047381546136 0.05272727272727273 0.14089775561097256 0.05818181818181818 0.10349127182044887 0.07454545454545454
1 0.04114713216957606 0.2927272727272727 0.057356608478802994 0.3109090909090909 0.0773067331670823 0.3654545454545455 0.09975062344139651 0.46545454545454545 0.15211970074812967 0.5218181818181818 0.14713216957605985 0.4818181818181818 0.13840399002493767 0.3836363636363636 0.13840399002493767 0.2909090909090909 0.15336658354114713 0.22363636363636363 0.1708229426433915 0.10545454545454545 0.17830423940149626 0.05454545454545454 0.1658354114713217 0.05454545454545454 0.14089775561097256 0.06 0.11596009975062344 0.06545454545454546 0.09351620947630923 0.08181818181818182 0.06483790523690773 0.1509090909090909 0.04114713216957606 0.2927272727272727
7 0.14214463840399003 0.2672727272727273 0.1396508728179551 0.38181818181818183 0.15087281795511223 0.5181818181818182 0.1770573566084788 0.5490909090909091 0.24189526184538654 0.6072727272727273 0.33042394014962595 0.6963636363636364 0.32169576059850374 0.6181818181818182 0.32169576059850374 0.5036363636363637 0.33042394014962595 0.33090909090909093 0.33541147132169574 0.2636363636363636 0.3054862842892768 0.19818181818181818 0.27680798004987534 0.13090909090909092 0.2506234413965087 0.08 0.22942643391521197 0.06181818181818182 0.20324189526184538 0.05454545454545454 0.18079800498753118 0.05272727272727273 0.1546134663341646 0.22545454545454546 0.14214463840399003 0.2672727272727273
18 0.028678304239401497 0.20727272727272728 0.032418952618453865 0.2309090909090909 0.0399002493765586 0.19818181818181818 0.028678304239401497 0.20727272727272728
15 0.04738154613466334 0.1709090909090909 0.03117206982543641 0.24 0.02369077306733167 0.28363636363636363 0.0199501246882793 0.3 0.018703241895261846 0.32181818181818184 0.0199501246882793 0.35454545454545455 0.02369077306733167 0.3781818181818182 0.03117206982543641 0.4 0.02369077306733167 0.3527272727272727 0.02493765586034913 0.3181818181818182 0.03615960099750624 0.29818181818181816 0.05486284289276808 0.3181818181818182 0.0798004987531172 0.3890909090909091 0.06608478802992519 0.3381818181818182 0.05112219451371571 0.2290909090909091 0.059850374064837904 0.17636363636363636 0.06234413965087282 0.15454545454545454 0.05486284289276808 0.15818181818181817 0.04738154613466334 0.1709090909090909
2 0.0399002493765586 0.38545454545454544 0.04738154613466334 0.43454545454545457 0.06109725685785536 0.48545454545454547 0.08104738154613467 0.5254545454545455 0.12468827930174564 0.509090909090909 0.09600997506234414 0.4690909090909091 0.08104738154613467 0.39636363636363636 0.05610972568578554 0.33090909090909093 0.0399002493765586 0.3418181818181818 0.0399002493765586 0.38545454545454544
8 0.3653366583541147 0.6581818181818182 0.3653366583541147 0.7381818181818182 0.3865336658354115 0.8072727272727273 0.41271820448877805 0.8709090909090909 0.4476309226932668 0.9327272727272727 0.49002493765586036 0.9618181818181818 0.527431421446384 0.9563636363636364 0.5685785536159601 0.9127272727272727 0.5723192019950125 0.86 0.5523690773067331 0.7527272727272727 0.5211970074812967 0.6690909090909091 0.49501246882793015 0.6127272727272727 0.45885286783042395 0.5745454545454546 0.4314214463840399 0.5654545454545454 0.39027431421446385 0.5963636363636363 0.3653366583541147 0.6581818181818182