8 0.07125 0.3933333333333333 0.07125 0.4033333333333333 0.07375 0.43166666666666664 0.0775 0.455 0.08375 0.48 0.09125 0.505 0.1025 0.5266666666666666 0.1175 0.5316666666666666 0.1375 0.53 0.1475 0.5233333333333333 0.1425 0.5016666666666667 0.13375 0.49166666666666664 0.12875 0.4816666666666667 0.1175 0.4483333333333333 0.11 0.425 0.10125 0.4083333333333333 0.09125 0.37833333333333335 0.08125 0.37 0.07375 0.38 0.07125 0.3933333333333333
14 0.10125 0.2683333333333333 0.11125 0.2916666666666667 0.1325 0.3016666666666667 0.14875 0.29 0.15125 0.2733333333333333 0.1375 0.25833333333333336 0.12 0.255 0.10125 0.2683333333333333
5 0.1025 0.295 0.07875 0.305 0.065 0.3233333333333333 0.06375 0.345 0.0625 0.36 0.0625 0.37666666666666665 0.0625 0.3933333333333333 0.06625 0.4083333333333333 0.06625 0.37166666666666665 0.06875 0.3616666666666667 0.07625 0.36 0.0825 0.36666666666666664 0.08875 0.37833333333333335 0.095 0.395 0.1 0.4066666666666667 0.10625 0.41833333333333333 0.1125 0.43333333333333335 0.12 0.45 0.12375 0.4633333333333333 0.13 0.48833333333333334 0.1425 0.49666666666666665 0.11875 0.4216666666666667 0.1175 0.4033333333333333 0.11625 0.38 0.115 0.3566666666666667 0.11375 0.3333333333333333 0.11875 0.31333333333333335 0.13625 0.30333333333333334 0.11875 0.2966666666666667 0.1025 0.295
0 0.50875 0.575 0.52375 0.5916666666666667 0.53625 0.62 0.55125 0.6633333333333333 0.57125 0.7133333333333334 0.5825 0.765 0.58625 0.8033333333333333 0.605 0.8066666666666666 0.6325 0.805 0.66625 0.7966666666666666 0.71375 0.7866666666666666 0.735 0.77 0.75375 0.7483333333333333 0.785 0.7466666666666667 0.81625 0.7366666666666667 0.83625 0.7183333333333334 0.86375 0.69 0.8875 0.6583333333333333 0.91125 0.6216666666666667 0.92625 0.585 0.93625 0.55 0.945 0.515 0.94375 0.4816666666666667 0.945 0.445 0.9375 0.425 0.925 0.43 0.9125 0.4533333333333333 0.89625 0.4766666666666667 0.87 0.5 0.84375 0.52 0.80875 0.5383333333333333 0.78625 0.545 0.7575 0.5533333333333333 0.7325 0.555 0.70875 0.56 0.68 0.56 0.6525 0.5616666666666666 0.61625 0.5616666666666666 0.5725 0.565 0.53875 0.5633333333333334 0.50625 0.575 0.50875 0.575
2 0.4 0.585 0.38875 0.6116666666666667 0.38875 0.6533333333333333 0.39375 0.6966666666666667 0.4075 0.7316666666666667 0.41625 0.7633333333333333 0.4325 0.8 0.45375 0.8366666666666667 0.48125 0.8483333333333334 0.50375 0.855 0.525 0.85 0.55625 0.8366666666666667 0.5775 0.8233333333333334 0.58625 0.7916666666666666 0.57875 0.745 0.57 0.7016666666666667 0.55125 0.665 0.54 0.6233333333333333 0.50875 0.5816666666666667 0.48875 0.5666666666666667 0.45625 0.5433333333333333 0.43 0.545 0.40875 0.5666666666666667 0.4 0.585
15 0.38125 0.5616666666666666 0.39375 0.5416666666666666 0.41125 0.53 0.43625 0.5283333333333333 0.455 0.535 0.475 0.5566666666666666 0.5025 0.57 0.53375 0.5666666666666667 0.57125 0.5666666666666667 0.62625 0.5666666666666667 0.66625 0.5666666666666667 0.71125 0.56 0.74625 0.555 0.75125 0.54 0.7425 0.515 0.73875 0.49666666666666665 0.72125 0.495 0.69875 0.49333333333333335 0.66875 0.49 0.65125 0.49 0.6325 0.48 0.605 0.4633333333333333 0.59625 0.44666666666666666 0.605 0.41833333333333333 0.62875 0.405 0.67375 0.405 0.7175 0.4066666666666667 0.70125 0.37666666666666665 0.6825 0.345 0.67375 0.33 0.66375 0.315 0.51 0.2966666666666667 0.48625 0.32666666666666666 0.44875 0.32666666666666666 0.415 0.32666666666666666 0.38625 0.3233333333333333 0.34 0.32166666666666666 0.29625 0.32 0.295 0.32166666666666666 0.28875 0.33 0.28375 0.35 0.28 0.37 0.28 0.40166666666666667 0.28 0.43833333333333335 0.27875 0.4666666666666667 0.2775 0.49666666666666665 0.28125 0.525 0.28375 0.5483333333333333 0.2875 0.575 0.30375 0.5883333333333334 0.33 0.6116666666666667 0.355 0.63 0.365 0.6416666666666667 0.3742548075 0.6592948716666667 0.3775 0.6333333333333333 0.375 0.6016666666666667 0.37625 0.5783333333333334 0.38125 0.5616666666666666
7 0.12125 0.30833333333333335 0.115 0.33166666666666667 0.1175 0.4216666666666667 0.1325 0.4666666666666667 0.16 0.49666666666666665 0.25375 0.5616666666666666 0.28375 0.575 0.2825 0.5433333333333333 0.27625 0.47 0.27875 0.4216666666666667 0.28 0.3566666666666667 0.2925 0.31333333333333335 0.3025 0.285 0.31125 0.24833333333333332 0.32 0.22166666666666668 0.33125 0.19 0.33625 0.17166666666666666 0.345 0.15333333333333332 0.35 0.12833333333333333 0.3175 0.12666666666666668 0.29625 0.13 0.27 0.13333333333333333 0.24625 0.14166666666666666 0.22375 0.15666666666666668 0.20625 0.17333333333333334 0.1875 0.19333333333333333 0.17125 0.21166666666666667 0.16125 0.22666666666666666 0.15 0.24333333333333335 0.14375 0.26 0.12125 0.30833333333333335
9 0.1625 0.275 0.16125 0.295 0.27 0.31833333333333336 0.27875 0.2916666666666667 0.29125 0.25333333333333335 0.33125 0.145 0.315 0.145 0.2725 0.14833333333333334 0.2475 0.15666666666666668 0.21875 0.17833333333333334 0.185 0.21333333333333335 0.1675 0.24333333333333335 0.1625 0.275
16 0.14125 0.49833333333333335 0.16375 0.5216666666666666 0.3625 0.6666666666666666 0.38125 0.6783333333333333 0.37375 0.655 0.34625 0.635 0.2775 0.58 0.15875 0.49833333333333335 0.14 0.48333333333333334 0.14125 0.49833333333333335
3 0.33625 0.16833333333333333 0.31875 0.215 0.3 0.265 0.29 0.31833333333333336 0.32375 0.31833333333333336 0.36375 0.325 0.4 0.3233333333333333 0.4425 0.32666666666666666 0.47875 0.325 0.4975 0.315 0.51625 0.2833333333333333 0.52 0.25 0.5075 0.195 0.48625 0.16166666666666665 0.44875 0.14166666666666666 0.3925 0.13333333333333333 0.35 0.13166666666666665 0.33625 0.16833333333333333
17 0.35 0.12 0.41 0.115 0.4675 0.12166666666666667 0.50875 0.12333333333333334 0.54375 0.125 0.5825 0.13166666666666665 0.6125 0.14333333333333334 0.635 0.14333333333333334 0.655 0.13166666666666665 0.68625 0.12333333333333334 0.72625 0.12333333333333334 0.79 0.12333333333333334 0.745 0.10833333333333334 0.73625 0.105 0.695 0.105 0.67875 0.10333333333333333 0.65375 0.10333333333333333 0.62 0.10333333333333333 0.585 0.1 0.5425 0.09833333333333333 0.4975 0.09833333333333333 0.44125 0.09666666666666666 0.38625 0.10333333333333333 0.32125 0.105 0.26375 0.11666666666666667 0.2825 0.12666666666666668 0.35 0.12
4 0.61625 0.16166666666666665 0.61625 0.185 0.615 0.21 0.6275 0.235 0.63875 0.27 0.65625 0.31 0.67875 0.3283333333333333 0.6975 0.33 0.73375 0.33666666666666667 0.765 0.3383333333333333 0.7975 0.3383333333333333 0.82875 0.3383333333333333 0.85375 0.335 0.8775 0.31166666666666665 0.89875 0.2916666666666667 0.89625 0.27 0.88375 0.24833333333333332 0.87 0.23 0.8575 0.21 0.84 0.18666666666666668 0.825 0.16333333333333333 0.80375 0.135 0.77625 0.12333333333333334 0.72625 0.12166666666666667 0.675 0.12833333333333333 0.63 0.145 0.61625 0.16166666666666665
19 0.6825 0.345 0.71625 0.4 0.7175 0.4116666666666667 0.735 0.41 0.75375 0.41 0.77625 0.41 0.7975 0.41 0.82375 0.42333333333333334 0.82875 0.4583333333333333 0.81 0.47333333333333333 0.775 0.485 0.7425 0.49 0.7475 0.5266666666666666 0.755 0.555 0.77625 0.545 0.8025 0.535 0.83125 0.525 0.86 0.505 0.88 0.4866666666666667 0.8975 0.4683333333333333 0.91125 0.4483333333333333 0.925 0.42833333333333334 0.9325 0.4 0.9325 0.36666666666666664 0.93375 0.33166666666666667 0.9225 0.28833333333333333 0.9075 0.27166666666666667 0.90375 0.28 0.8925 0.29833333333333334 0.875 0.3233333333333333 0.84875 0.3383333333333333 0.8125 0.3416666666666667 0.76875 0.3416666666666667 0.7275 0.33666666666666667 0.67875 0.3333333333333333 0.6825 0.345
18 0.61 0.42 0.59875 0.44333333333333336 0.61 0.4716666666666667 0.645 0.485 0.6825 0.49333333333333335 0.73 0.49833333333333335 0.7725 0.4866666666666667 0.80875 0.4766666666666667 0.8325 0.4533333333333333 0.82 0.425 0.78875 0.4083333333333333 0.75125 0.4083333333333333 0.71 0.4083333333333333 0.665 0.405 0.635 0.4116666666666667 0.61 0.42