16 0.1070154577883472 0.6232741617357002 0.19262782401902498 0.6883629191321499 0.33174791914387636 0.7712031558185405 0.3222354340071344 0.7061143984220908 0.2901307966706302 0.7001972386587771 0.09512485136741974 0.591715976331361 0.1070154577883472 0.6232741617357002
18 0.5766944114149821 0.5601577909270217 0.5838287752675386 0.6252465483234714 0.6420927467300832 0.6351084812623274 0.7003567181926278 0.6291913214990138 0.7003567181926278 0.5483234714003945 0.6908442330558858 0.4635108481262327 0.6551724137931034 0.4635108481262327 0.5636147443519619 0.46942800788954636 0.5766944114149821 0.5601577909270217
1 0.27586206896551724 0.2603550295857988 0.25089179548156954 0.3333333333333333 0.2390011890606421 0.3609467455621302 0.20927467300832342 0.4358974358974359 0.20332936979785968 0.5463510848126233 0.20689655172413793 0.6587771203155819 0.2984542211652794 0.7080867850098619 0.3281807372175981 0.5897435897435898 0.3507728894173603 0.5069033530571992 0.4149821640903686 0.38461538461538464 0.43162901307966706 0.29191321499013806 0.4470868014268728 0.1873767258382643 0.38287752675386444 0.17159763313609466 0.30083234244946494 0.1794871794871795 0.27586206896551724 0.2603550295857988
3 0.34720570749108204 0.35502958579881655 0.41379310344827586 0.3609467455621302 0.43876337693222356 0.1992110453648915 0.3876337693222354 0.1873767258382643 0.3103448275862069 0.1873767258382643 0.28894173602853745 0.2504930966469428 0.267538644470868 0.34122287968441817 0.34720570749108204 0.35502958579881655
3 0.4328180737217598 0.28007889546351084 0.4233055885850178 0.378698224852071 0.4399524375743163 0.3865877712031558 0.49108204518430437 0.40039447731755423 0.5552913198573127 0.41025641025641024 0.5992865636147443 0.38461538461538464 0.5766944114149821 0.3057199211045365 0.549346016646849 0.23274161735700197 0.4946492271105826 0.20512820512820512 0.44589774078478 0.20118343195266272 0.4328180737217598 0.28007889546351084
15 0.39001189060642094 0.4280078895463511 0.35434007134363854 0.5009861932938856 0.33650416171224734 0.5483234714003945 0.29964328180737215 0.6982248520710059 0.31866825208085614 0.6962524654832347 0.3400713436385256 0.591715976331361 0.36623067776456597 0.5739644970414202 0.3935790725326992 0.5680473372781065 0.4351961950059453 0.6291913214990138 0.4577883472057075 0.5956607495069034 0.5279429250891795 0.6055226824457594 0.5469678953626635 0.6173570019723866 0.5814506539833532 0.6252465483234714 0.5671819262782402 0.48717948717948717 0.6123662306777645 0.4635108481262327 0.6884661117717004 0.46745562130177515 0.6789536266349584 0.4319526627218935 0.6611177170035671 0.388560157790927 0.5957193816884662 0.3826429980276134 0.5457788347205708 0.40828402366863903 0.4173602853745541 0.378698224852071 0.39001189060642094 0.4280078895463511
0 0.4447086801426873 0.6982248520710059 0.46135552913198574 0.7889546351084813 0.4625445897740785 0.873767258382643 0.5434007134363853 0.8856015779092702 0.6076099881093936 0.8895463510848126 0.6278240190249703 0.9112426035502958 0.6504161712247325 0.9211045364891519 0.7205707491082045 0.9072978303747534 0.7621878715814506 0.8757396449704142 0.83115338882283 0.8500986193293886 0.8632580261593341 0.8303747534516766 0.9191438763376932 0.8086785009861933 0.9702734839476813 0.7790927021696252 0.976218787158145 0.717948717948718 0.9738406658739596 0.6410256410256411 0.9310344827586207 0.6489151873767258 0.8668252080856124 0.6804733727810651 0.7633769322235434 0.6942800788954635 0.7158145065398336 0.6942800788954635 0.6967895362663495 0.6331360946745562 0.6480380499405469 0.6370808678500987 0.5945303210463734 0.631163708086785 0.5541022592152199 0.621301775147929 0.5208085612366231 0.6015779092702169 0.46135552913198574 0.5897435897435898 0.43162901307966706 0.631163708086785 0.4447086801426873 0.6982248520710059
19 0.6087990487514863 0.2504930966469428 0.6409036860879905 0.3234714003944773 0.6848989298454221 0.4319526627218935 0.6967895362663495 0.5128205128205128 0.7015457788347206 0.5936883629191322 0.7051129607609988 0.6528599605522682 0.7205707491082045 0.6962524654832347 0.7895362663495838 0.7001972386587771 0.8418549346016647 0.6883629191321499 0.8894173602853745 0.6686390532544378 0.9417360285374554 0.6469428007889546 0.9619500594530321 0.5996055226824457 0.9714625445897741 0.5502958579881657 0.9678953626634959 0.45759368836291914 0.9429250891795482 0.39250493096646943 0.8894173602853745 0.3096646942800789 0.8287752675386445 0.2445759368836292 0.8323424494649228 0.22879684418145957 0.8263971462544589 0.21696252465483234 0.8133174791914387 0.20907297830374755 0.7907253269916765 0.20118343195266272 0.737217598097503 0.1834319526627219 0.6623067776456599 0.1794871794871795 0.5992865636147443 0.1854043392504931 0.5802615933412604 0.1873767258382643 0.5814506539833532 0.19723865877712032 0.6087990487514863 0.2504930966469428
17 0.49227110582639716 0.16962524654832348 0.544589774078478 0.1834319526627219 0.5790725326991677 0.1913214990138067 0.6183115338882283 0.1854043392504931 0.6825208085612366 0.1755424063116371 0.6230677764565993 0.15976331360946747 0.5326991676575505 0.15187376725838264 0.464922711058264 0.14792899408284024 0.356718192627824 0.15581854043392504 0.4268727705112961 0.15976331360946747 0.49227110582639716 0.16962524654832348
7 0.13555291319857313 0.34122287968441817 0.12009512485136742 0.34122287968441817 0.10344827586206896 0.3708086785009862 0.09869203329369798 0.4536489151873767 0.09750297265160524 0.5897435897435898 0.2080856123662307 0.650887573964497 0.2057074910820452 0.49506903353057197 0.21284185493460167 0.4260355029585799 0.25089179548156954 0.34122287968441817 0.27586206896551724 0.23471400394477318 0.3079667063020214 0.17751479289940827 0.2734839476813318 0.17751479289940827 0.2259215219976219 0.20118343195266272 0.17954815695600476 0.2485207100591716 0.13793103448275862 0.30177514792899407 0.13555291319857313 0.34122287968441817
9 0.24613555291319858 0.34714003944773175 0.25921521997621877 0.28994082840236685 0.27705112960760997 0.23668639053254437 0.29964328180737215 0.17751479289940827 0.25326991676575505 0.1893491124260355 0.1985731272294887 0.22682445759368836 0.15933412604042807 0.28007889546351084 0.14863258026159334 0.33727810650887574 0.24613555291319858 0.34714003944773175
14 0.12366230677764566 0.28205128205128205 0.10107015457788347 0.29191321499013806 0.093935790725327 0.3175542406311637 0.11058263971462545 0.33727810650887574 0.13317479191438764 0.3333333333333333 0.14625445897740785 0.2859960552268245 0.12366230677764566 0.28205128205128205
2 0.3376932223543401 0.796844181459566 0.3412604042806183 0.8461538461538461 0.34720570749108204 0.873767258382643 0.3626634958382878 0.9053254437869822 0.3995243757431629 0.9309664694280079 0.45541022592152197 0.9211045364891519 0.4661117717003567 0.893491124260355 0.464922711058264 0.8717948717948718 0.4577883472057075 0.7948717948717948 0.45541022592152197 0.7554240631163708 0.4470868014268728 0.6903353057199211 0.4340071343638526 0.6370808678500987 0.4149821640903686 0.6074950690335306 0.3971462544589774 0.5838264299802761 0.3697978596908442 0.5838264299802761 0.351961950059453 0.6055226824457594 0.33650416171224734 0.6627218934911243 0.3258026159334126 0.7258382642998028 0.3376932223543401 0.796844181459566
8 0.04875148632580262 0.46548323471400394 0.041617122473246136 0.49506903353057197 0.036860879904875146 0.5404339250493096 0.03804994054696789 0.5818540433925049 0.04280618311533888 0.6252465483234714 0.05112960760998811 0.6627218934911243 0.06896551724137931 0.6725838264299803 0.08799048751486326 0.6725838264299803 0.10820451843043995 0.6725838264299803 0.11533888228299644 0.6568047337278107 0.11296076099881094 0.6331360946745562 0.10344827586206896 0.6173570019723866 0.09274673008323424 0.5818540433925049 0.08680142687277051 0.5266272189349113 0.07728894173602854 0.47534516765285995 0.07015457788347206 0.4437869822485207 0.0535077288941736 0.4477317554240631 0.04875148632580262 0.46548323471400394
5 0.0356718192627824 0.49506903353057197 0.036860879904875146 0.4635108481262327 0.041617122473246136 0.43984220907297833 0.04518430439952437 0.4280078895463511 0.052318668252080855 0.42011834319526625 0.059453032104637336 0.4260355029585799 0.06539833531510107 0.4358974358974359 0.07728894173602854 0.4714003944773176 0.08799048751486326 0.534516765285996 0.09274673008323424 0.5857988165680473 0.09750297265160524 0.5857988165680473 0.09869203329369798 0.5325443786982249 0.09869203329369798 0.46942800788954636 0.10107015457788347 0.40236686390532544 0.10344827586206896 0.368836291913215 0.12009512485136742 0.3431952662721893 0.12604042806183116 0.33727810650887574 0.11058263971462545 0.33530571992110453 0.09274673008323424 0.3333333333333333 0.07253269916765755 0.3510848126232742 0.04994054696789536 0.3747534516765286 0.041617122473246136 0.40039447731755423 0.0356718192627824 0.4260355029585799 0.029726516052318668 0.46745562130177515 0.034482758620689655 0.5364891518737672 0.0356718192627824 0.49506903353057197