4 0.720754716981132 0.38333333333333336 0.8150943396226416 0.38 0.9044025157232705 0.36 0.9144654088050315 0.33666666666666667 0.8943396226415095 0.275 0.8603773584905661 0.20166666666666666 0.8213836477987422 0.17 0.7433962264150943 0.15666666666666668 0.6792452830188679 0.15666666666666668 0.6289308176100629 0.17333333333333334 0.6075471698113207 0.18166666666666667 0.5987421383647799 0.21166666666666667 0.6339622641509434 0.36833333333333335 0.720754716981132 0.38333333333333336
13 0.8918238993710692 0.6133333333333333 0.879245283018868 0.5566666666666666 0.7685534591194969 0.5983333333333334 0.779874213836478 0.6666666666666666 0.8918238993710692 0.6133333333333333
2 0.36477987421383645 0.6583333333333333 0.35974842767295595 0.69 0.3584905660377358 0.7416666666666667 0.3672955974842767 0.805 0.39119496855345914 0.87 0.4440251572327044 0.9266666666666666 0.5144654088050314 0.9183333333333333 0.5371069182389937 0.86 0.5157232704402516 0.7933333333333333 0.4918238993710692 0.6933333333333334 0.44654088050314467 0.5966666666666667 0.4176100628930818 0.5966666666666667 0.38742138364779877 0.61 0.36477987421383645 0.6583333333333333
0 0.5371069182389937 0.8583333333333333 0.5320754716981132 0.8766666666666667 0.6666666666666666 0.8616666666666667 0.7924528301886793 0.8016666666666666 0.9044025157232705 0.7366666666666667 0.939622641509434 0.6683333333333333 0.9484276729559749 0.6133333333333333 0.9371069182389937 0.6216666666666667 0.9132075471698113 0.61 0.8830188679245283 0.64 0.8176100628930818 0.675 0.6993710691823899 0.71 0.7257861635220125 0.7366666666666667 0.6314465408805031 0.75 0.5710691823899371 0.7983333333333333 0.5182389937106918 0.8 0.5371069182389937 0.8583333333333333
18 0.5547169811320755 0.29833333333333334 0.539622641509434 0.38666666666666666 0.5559748427672956 0.4583333333333333 0.5861635220125786 0.4816666666666667 0.6591194968553459 0.48833333333333334 0.6415094339622641 0.3983333333333333 0.5987421383647799 0.21166666666666667 0.5735849056603773 0.22666666666666666 0.5547169811320755 0.29833333333333334
18 0.9220125786163522 0.35833333333333334 0.9182389937106918 0.37 0.9169811320754717 0.39166666666666666 0.9157232704402516 0.4116666666666667 0.919496855345912 0.4266666666666667 0.9333333333333333 0.4166666666666667 0.9220125786163522 0.35833333333333334
19 0.6490566037735849 0.41333333333333333 0.6641509433962264 0.5166666666666667 0.6641509433962264 0.5866666666666667 0.6742138364779874 0.6383333333333333 0.6968553459119496 0.7083333333333334 0.7069182389937106 0.7066666666666667 0.7710691823899372 0.6866666666666666 0.8767295597484277 0.6433333333333333 0.9144654088050315 0.6133333333333333 0.939622641509434 0.6183333333333333 0.9446540880503145 0.5583333333333333 0.9283018867924528 0.505 0.9333333333333333 0.4583333333333333 0.9333333333333333 0.41833333333333333 0.9182389937106918 0.42333333333333334 0.9169811320754717 0.4116666666666667 0.9182389937106918 0.37666666666666665 0.9220125786163522 0.355 0.9144654088050315 0.3416666666666667 0.8867924528301887 0.36666666666666664 0.7811320754716982 0.38333333333333336 0.6955974842767295 0.38166666666666665 0.6314465408805031 0.36666666666666664 0.6490566037735849 0.41333333333333333
15 0.35094339622641507 0.555 0.32578616352201256 0.65 0.3119496855345912 0.6833333333333333 0.34088050314465407 0.6966666666666667 0.3484276729559748 0.62 0.38742138364779877 0.5666666666666667 0.4327044025157233 0.5716666666666667 0.4679245283018868 0.6333333333333333 0.5094339622641509 0.7516666666666667 0.5144654088050314 0.8 0.5672955974842767 0.7983333333333333 0.6314465408805031 0.7516666666666667 0.7245283018867924 0.7366666666666667 0.6943396226415094 0.7083333333333334 0.6628930817610063 0.58 0.6616352201257861 0.485 0.5773584905660377 0.48333333333333334 0.5433962264150943 0.42 0.5408805031446541 0.35833333333333334 0.42515723270440253 0.34833333333333333 0.40628930817610065 0.35833333333333334 0.38113207547169814 0.4666666666666667 0.35094339622641507 0.555
3 0.3786163522012579 0.3416666666666667 0.4125786163522013 0.15666666666666668 0.2981132075471698 0.15166666666666667 0.24779874213836478 0.33 0.3786163522012579 0.3416666666666667
3 0.4968553459119497 0.185 0.44150943396226416 0.175 0.42641509433962266 0.3283333333333333 0.4968553459119497 0.185
9 0.22012578616352202 0.335 0.24654088050314465 0.23833333333333334 0.27547169811320754 0.15666666666666668 0.2440251572327044 0.16166666666666665 0.20628930817610064 0.19 0.15471698113207547 0.26166666666666666 0.13836477987421383 0.3283333333333333 0.22012578616352202 0.335
14 0.12075471698113208 0.32666666666666666 0.12075471698113208 0.30833333333333335 0.12075471698113208 0.28833333333333333 0.11823899371069183 0.28 0.09937106918238994 0.27666666666666667 0.07672955974842767 0.29333333333333333 0.07547169811320754 0.3283333333333333 0.10817610062893082 0.3333333333333333 0.10943396226415095 0.355 0.11949685534591195 0.35833333333333334 0.1270440251572327 0.3416666666666667 0.12075471698113208 0.32666666666666666
8 0.050314465408805034 0.48 0.050314465408805034 0.5033333333333333 0.05408805031446541 0.5483333333333333 0.07169811320754717 0.6016666666666667 0.09182389937106918 0.6166666666666667 0.12327044025157233 0.6166666666666667 0.13584905660377358 0.5883333333333334 0.11069182389937107 0.5716666666666667 0.0930817610062893 0.5116666666666667 0.07547169811320754 0.46166666666666667 0.06792452830188679 0.43666666666666665 0.05157232704402516 0.45 0.050314465408805034 0.48
5 0.050314465408805034 0.46 0.05786163522012579 0.44333333333333336 0.06918238993710692 0.43833333333333335 0.0830188679245283 0.48333333333333334 0.1018867924528302 0.5316666666666666 0.11069182389937107 0.5716666666666667 0.12578616352201258 0.5833333333333334 0.13584905660377358 0.5833333333333334 0.10440251572327044 0.5116666666666667 0.09182389937106918 0.40166666666666667 0.10440251572327044 0.35 0.10314465408805032 0.335 0.08553459119496855 0.33166666666666667 0.06918238993710692 0.3333333333333333 0.05157232704402516 0.36 0.03773584905660377 0.41333333333333333 0.04654088050314465 0.49666666666666665 0.050314465408805034 0.46
1 0.4088050314465409 0.3433333333333333 0.4289308176100629 0.14666666666666667 0.3610062893081761 0.14166666666666666 0.2880503144654088 0.14333333333333334 0.2842767295597484 0.15333333333333332 0.27169811320754716 0.19 0.22138364779874214 0.3466666666666667 0.21006289308176102 0.385 0.20125786163522014 0.43833333333333335 0.2050314465408805 0.5333333333333333 0.21509433962264152 0.63 0.3081761006289308 0.68 0.3270440251572327 0.6266666666666667 0.35974842767295595 0.5233333333333333 0.38616352201257864 0.44 0.4050314465408805 0.35 0.4088050314465409 0.3433333333333333
7 0.13333333333333333 0.5816666666666667 0.2138364779874214 0.625 0.2037735849056604 0.4816666666666667 0.20125786163522014 0.4166666666666667 0.22264150943396227 0.3383333333333333 0.2880503144654088 0.145 0.25157232704402516 0.15166666666666667 0.21132075471698114 0.17666666666666667 0.15220125786163521 0.25333333333333335 0.12327044025157233 0.305 0.1069182389937107 0.33666666666666667 0.10314465408805032 0.36 0.0930817610062893 0.3983333333333333 0.09182389937106918 0.4033333333333333 0.10566037735849057 0.51 0.13333333333333333 0.5816666666666667
17 0.37358490566037733 0.11333333333333333 0.26540880503144654 0.12833333333333333 0.23647798742138365 0.14166666666666666 0.25660377358490566 0.15 0.31446540880503143 0.13833333333333334 0.3949685534591195 0.14333333333333334 0.4830188679245283 0.15833333333333333 0.5081761006289308 0.165 0.5584905660377358 0.165 0.5610062893081761 0.14666666666666667 0.5849056603773585 0.13666666666666666 0.6842767295597484 0.125 0.4867924528301887 0.11 0.37358490566037733 0.11333333333333333
16 0.20754716981132076 0.64 0.3484276729559748 0.7383333333333333 0.34465408805031444 0.6983333333333334 0.31069182389937106 0.68 0.1371069182389937 0.5883333333333334 0.13459119496855346 0.595 0.20754716981132076 0.64
19 0.6427672955974842 0.17 0.6754716981132075 0.16 0.7081761006289308 0.15833333333333333 0.7534591194968554 0.15833333333333333 0.789937106918239 0.16333333333333333 0.8264150943396227 0.17166666666666666 0.8528301886792453 0.19166666666666668 0.8654088050314466 0.20666666666666667 0.8654088050314466 0.18666666666666668 0.8603773584905661 0.175 0.8515723270440252 0.16333333333333333 0.8402515723270441 0.155 0.820125786163522 0.14666666666666667 0.789937106918239 0.14 0.7622641509433963 0.135 0.7295597484276729 0.13 0.7069182389937106 0.13 0.6767295597484276 0.13 0.6490566037735849 0.13 0.6188679245283019 0.13333333333333333 0.5836477987421383 0.13666666666666666 0.559748427672956 0.14666666666666667 0.5584905660377358 0.16 0.559748427672956 0.175 0.5685534591194968 0.205 0.5748427672955975 0.22333333333333333 0.5937106918238994 0.21166666666666667 0.610062893081761 0.18666666666666668 0.6427672955974842 0.17
18 0.7371069182389937 0.4766666666666667 0.7396226415094339 0.45166666666666666 0.7144654088050314 0.41833333333333333 0.6415094339622641 0.3983333333333333 0.660377358490566 0.485 0.7371069182389937 0.4766666666666667