20 0.33228346456692914 0.23799582463465555 0.352755905511811 0.30062630480167013 0.38110236220472443 0.325678496868476 0.4251968503937008 0.34029227557411273 0.48976377952755906 0.34237995824634654 0.5716535433070866 0.33611691022964507 0.6551181102362205 0.325678496868476 0.7086614173228346 0.32150313152400833 0.6960629921259842 0.2964509394572025 0.6503937007874016 0.2359081419624217 0.5984251968503937 0.17954070981210857 0.5748031496062992 0.162839248434238 0.4645669291338583 0.15031315240083507 0.3354330708661417 0.1524008350730689 0.31338582677165355 0.162839248434238 0.33228346456692914 0.23799582463465555
12 0.3653543307086614 0.35281837160751567 0.36850393700787404 0.3862212943632568 0.4047244094488189 0.42171189979123175 0.48503937007874015 0.4405010438413361 0.5543307086614173 0.4801670146137787 0.6519685039370079 0.5427974947807933 0.7070866141732284 0.5365344467640919 0.7637795275590551 0.524008350730689 0.8346456692913385 0.5052192066805845 0.8929133858267716 0.4822546972860125 0.8992125984251969 0.4697286012526096 0.8976377952755905 0.4509394572025052 0.8850393700787401 0.4363256784968685 0.8047244094488188 0.3653444676409186 0.7433070866141732 0.325678496868476 0.7196850393700788 0.31106471816283926 0.7165354330708661 0.325678496868476 0.705511811023622 0.325678496868476 0.631496062992126 0.3298538622129436 0.5559055118110237 0.33611691022964507 0.48346456692913387 0.34237995824634654 0.4283464566929134 0.33820459290187893 0.3984251968503937 0.33194154488517746 0.3795275590551181 0.3298538622129436 0.3653543307086614 0.35281837160751567
6 0.4346456692913386 0.6868475991649269 0.4409448818897638 0.8016701461377871 0.5433070866141733 0.8684759916492694 0.6062992125984252 0.8893528183716075 0.6566929133858268 0.8830897703549061 0.710236220472441 0.8622129436325678 0.8251968503937008 0.8016701461377871 0.8913385826771654 0.7453027139874739 0.9118110236220472 0.6868475991649269 0.9196850393700787 0.5908141962421712 0.9118110236220472 0.5594989561586639 0.9102362204724409 0.6033402922755741 0.9007874015748032 0.6367432150313153 0.815748031496063 0.6784968684759917 0.7007874015748031 0.7098121085594989 0.6204724409448819 0.6263048016701461 0.5464566929133858 0.6263048016701461 0.4692913385826772 0.6033402922755741 0.4346456692913386 0.5741127348643006 0.4346456692913386 0.6868475991649269
10 0.6614173228346457 0.6722338204592901 0.7039370078740157 0.7035490605427975 0.7937007874015748 0.6826722338204593 0.8708661417322835 0.651356993736952 0.9039370078740158 0.6221294363256785 0.9102362204724409 0.5782881002087683 0.9086614173228347 0.5365344467640919 0.889763779527559 0.49478079331941544 0.8267716535433071 0.5156576200417536 0.7543307086614173 0.5386221294363257 0.658267716535433 0.5594989561586639 0.631496062992126 0.6304801670146137 0.6614173228346457 0.6722338204592901
11 0.3795275590551181 0.4321503131524008 0.4377952755905512 0.5762004175365344 0.46771653543307085 0.6012526096033403 0.521259842519685 0.6200417536534447 0.5889763779527559 0.6242171189979123 0.6157480314960629 0.6075156576200418 0.6330708661417322 0.5657620041753654 0.6220472440944882 0.534446764091858 0.5748031496062992 0.5031315240083507 0.48503937007874015 0.46555323590814196 0.3826771653543307 0.4196242171189979 0.3795275590551181 0.4321503131524008
5 0.3417322834645669 0.36325678496868474 0.3417322834645669 0.3757828810020877 0.33228346456692914 0.38204592901878914 0.3165354330708661 0.3653444676409186 0.30708661417322836 0.4342379958246347 0.30866141732283464 0.4822546972860125 0.30551181102362207 0.5198329853862212 0.30708661417322836 0.5720250521920668 0.3165354330708661 0.5824634655532359 0.31338582677165355 0.5657620041753654 0.32125984251968503 0.5427974947807933 0.33385826771653543 0.5407098121085595 0.34488188976377954 0.5469728601252609 0.3795275590551181 0.6096033402922756 0.42992125984251967 0.7954070981210856 0.4409448818897638 0.7995824634655533 0.43622047244094486 0.6931106471816284 0.4346456692913386 0.5720250521920668 0.4047244094488189 0.4989561586638831 0.3779527559055118 0.4321503131524008 0.36850393700787404 0.3862212943632568 0.3669291338582677 0.348643006263048 0.36220472440944884 0.33820459290187893 0.35118110236220473 0.302713987473904 0.33385826771653543 0.3173277661795407 0.3417322834645669 0.36325678496868474
8 0.3354330708661417 0.569937369519833 0.3228346456692913 0.5991649269311065 0.31968503937007875 0.6283924843423799 0.31968503937007875 0.6743215031315241 0.32440944881889766 0.7306889352818372 0.33858267716535434 0.7891440501043842 0.3543307086614173 0.8329853862212944 0.3779527559055118 0.8643006263048016 0.4188976377952756 0.872651356993737 0.4330708661417323 0.8622129436325678 0.4393700787401575 0.8308977035490606 0.4409448818897638 0.8016701461377871 0.42992125984251967 0.7974947807933194 0.3795275590551181 0.6096033402922756 0.352755905511811 0.5594989561586639 0.3354330708661417 0.569937369519833
9 0.2503937007874016 0.20041753653444677 0.24251968503937008 0.27139874739039666 0.24566929133858267 0.2818371607515658 0.26456692913385826 0.27348643006263046 0.27874015748031494 0.27139874739039666 0.30393700787401573 0.2985386221294363 0.31181102362204727 0.25052192066805845 0.30236220472440944 0.21711899791231734 0.2929133858267717 0.17954070981210857 0.27716535433070866 0.1524008350730689 0.26456692913385826 0.14613778705636743 0.2503937007874016 0.20041753653444677
14 0.22992125984251968 0.3235908141962422 0.2409448818897638 0.3298538622129436 0.2692913385826772 0.34237995824634654 0.30393700787401573 0.34237995824634654 0.30708661417322836 0.3048016701461378 0.27874015748031494 0.26931106471816285 0.2677165354330709 0.27139874739039666 0.2283464566929134 0.29018789144050106 0.22992125984251968 0.3235908141962422
16 0.19370078740157481 0.4154488517745303 0.2 0.453027139874739 0.3165354330708661 0.6430062630480167 0.3165354330708661 0.5866388308977035 0.22677165354330708 0.430062630480167 0.18110236220472442 0.3736951983298539 0.19370078740157481 0.4154488517745303
1 0.2614173228346457 0.13569937369519833 0.2551181102362205 0.13569937369519833 0.25196850393700787 0.1336116910229645 0.2440944881889764 0.1315240083507307 0.2251968503937008 0.13987473903966596 0.2110236220472441 0.17954070981210857 0.1984251968503937 0.2254697286012526 0.1826771653543307 0.2860125260960334 0.18740157480314962 0.325678496868476 0.19370078740157481 0.3862212943632568 0.2283464566929134 0.4321503131524008 0.2346456692913386 0.3277661795407098 0.22992125984251968 0.3235908141962422 0.2283464566929134 0.29436325678496866 0.2377952755905512 0.2839248434237996 0.2614173228346457 0.13569937369519833
3 0.2188976377952756 0.16910229645093947 0.2110236220472441 0.20041753653444677 0.2047244094488189 0.22964509394572025 0.2188976377952756 0.25052192066805845 0.23307086614173228 0.267223382045929 0.2377952755905512 0.21711899791231734 0.2440944881889764 0.18162839248434237 0.25354330708661416 0.1419624217118998 0.23937007874015748 0.1419624217118998 0.22677165354330708 0.1440501043841336 0.2188976377952756 0.16910229645093947
3 0.1984251968503937 0.162839248434238 0.1952755905511811 0.20668058455114824 0.2 0.22129436325678498 0.2141732283464567 0.16701461377870563 0.2204724409448819 0.14822546972860126 0.2078740157480315 0.15657620041753653 0.1984251968503937 0.162839248434238
15 0.16850393700787403 0.2359081419624217 0.16692913385826771 0.30062630480167013 0.16220472440944883 0.33402922755741127 0.17165354330708663 0.34029227557411273 0.18110236220472442 0.3757828810020877 0.1921259842519685 0.38204592901878914 0.18425196850393702 0.2818371607515658 0.1984251968503937 0.22755741127348644 0.1889763779527559 0.2045929018789144 0.16850393700787403 0.2359081419624217
2 0.16850393700787403 0.3883089770354906 0.16850393700787403 0.4154488517745303 0.1700787401574803 0.4405010438413361 0.1732283464566929 0.46764091858037576 0.17795275590551182 0.4968684759916493 0.1858267716535433 0.5135699373695198 0.19370078740157481 0.5219206680584552 0.2110236220472441 0.524008350730689 0.2251968503937008 0.5198329853862212 0.2283464566929134 0.4989561586638831 0.1984251968503937 0.453027139874739 0.19370078740157481 0.4154488517745303 0.1763779527559055 0.36325678496868474 0.17165354330708663 0.37160751565762007 0.16850393700787403 0.3883089770354906
17 0.32755905511811023 0.1544885177453027 0.36220472440944884 0.15031315240083507 0.4346456692913386 0.15031315240083507 0.49763779527559054 0.1544885177453027 0.5401574803149606 0.15866388308977036 0.5748031496062992 0.162839248434238 0.5480314960629922 0.1440501043841336 0.5070866141732283 0.1315240083507307 0.45354330708661417 0.12108559498956159 0.3858267716535433 0.1127348643006263 0.32598425196850395 0.11064718162839249 0.27716535433070866 0.1127348643006263 0.24251968503937008 0.12108559498956159 0.215748031496063 0.1336116910229645 0.2062992125984252 0.1419624217118998 0.2015748031496063 0.1544885177453027 0.22362204724409449 0.13987473903966596 0.247244094488189 0.1315240083507307 0.27086614173228346 0.13569937369519833 0.28503937007874014 0.14613778705636743 0.2992125984251969 0.16910229645093947 0.31338582677165355 0.15866388308977036 0.32755905511811023 0.1544885177453027
7 0.28503937007874014 0.14822546972860126 0.2614173228346457 0.13569937369519833 0.24881889763779527 0.19206680584551147 0.2377952755905512 0.2818371607515658 0.2283464566929134 0.4321503131524008 0.30551181102362207 0.5678496868475992 0.30708661417322836 0.511482254697286 0.30708661417322836 0.4321503131524008 0.32598425196850395 0.2964509394572025 0.3165354330708661 0.25052192066805845 0.29763779527559053 0.1732776617954071 0.28503937007874014 0.14822546972860126