18 0.3836477987421384 0 0.35094339622641507 0.04355108877721943 0.3232704402515723 0.08542713567839195 0.3220125786163522 0.12227805695142378 0.3283018867924528 0.16080402010050251 0.33584905660377357 0.20603015075376885 0.3484276729559748 0.22780569514237856 0.39245283018867927 0.23785594639865998 0.4427672955974843 0.24623115577889448 0.49056603773584906 0.24288107202680068 0.5433962264150943 0.24288107202680068 0.5672955974842767 0.23283082077051925 0.5660377358490566 0.18090452261306533 0.5547169811320755 0.10050251256281408 0.549685534591195 0.048576214405360134 0.5421383647798742 0.006700167504187605 0.5132075471698113 0.005025125628140704 0.46037735849056605 0 0.3836477987421384 0
14 0.13836477987421383 0.020100502512562814 0.1270440251572327 0.02680067001675042 0.1169811320754717 0.04020100502512563 0.11069182389937107 0.05360134003350084 0.11446540880503145 0.07035175879396985 0.13584905660377358 0.07537688442211055 0.15471698113207547 0.07705192629815745 0.16226415094339622 0.08877721943048576 0.1660377358490566 0.10552763819095477 0.17232704402515722 0.09380234505862646 0.16981132075471697 0.07705192629815745 0.16981132075471697 0.06365159128978225 0.16981132075471697 0.04355108877721943 0.16226415094339622 0.02847571189279732 0.1509433962264151 0.018425460636515914 0.13836477987421383 0.020100502512562814
2 0.2591194968553459 0.4271356783919598 0.24654088050314465 0.4120603015075377 0.2440251572327044 0.4489112227805695 0.24779874213836478 0.49748743718592964 0.2528301886792453 0.5561139028475712 0.2628930817610063 0.609715242881072 0.2742138364779874 0.6700167504187605 0.28553459119496855 0.7705192629815746 0.30566037735849055 0.8492462311557789 0.3333333333333333 0.8911222780569514 0.3672955974842767 0.8844221105527639 0.3987421383647799 0.8743718592964824 0.43144654088050316 0.8693467336683417 0.44150943396226416 0.8425460636515912 0.41509433962264153 0.8274706867671692 0.36477987421383645 0.7788944723618091 0.32578616352201256 0.6767169179229481 0.2968553459119497 0.5695142378559463 0.2691823899371069 0.46901172529313234 0.2591194968553459 0.4271356783919598
3 0.2088050314465409 0 0.2050314465408805 0.01340033500837521 0.2037735849056604 0.038525963149078725 0.24779874213836478 0.01507537688442211 0.25031446540880503 0.0016750418760469012 0.23647798742138365 0 0.2088050314465409 0
1 0.17861635220125785 0.1440536013400335 0.1761006289308176 0.18592964824120603 0.17861635220125785 0.23450586264656617 0.18364779874213835 0.2747068676716918 0.19119496855345913 0.3098827470686767 0.19874213836477989 0.33668341708542715 0.21257861635220127 0.3768844221105528 0.21257861635220127 0.32830820770519265 0.2138364779874214 0.2797319932998325 0.2138364779874214 0.2562814070351759 0.21257861635220127 0.19765494137353434 0.2188679245283019 0.152428810720268 0.22515723270440252 0.10217755443886097 0.23773584905660378 0.05695142378559464 0.2440251572327044 0.031825795644891124 0.2528301886792453 0.0016750418760469012 0.20251572327044026 0 0.19748427672955976 0.05025125628140704 0.17861635220125785 0.1440536013400335
9 0.18867924528301888 0.05527638190954774 0.19371069182389938 0.04355108877721943 0.20125786163522014 0 0.189937106918239 0.0016750418760469012 0.1811320754716981 0.06700167504187604 0.18867924528301888 0.05527638190954774
0 0.2930817610062893 0.5460636515912898 0.3320754716981132 0.7068676716917923 0.3710691823899371 0.7872696817420436 0.4188679245283019 0.8291457286432161 0.5207547169811321 0.8743718592964824 0.6440251572327044 0.8894472361809045 0.8150943396226416 0.8458961474036851 0.9157232704402516 0.8006700167504187 0.9937106918238994 0.7621440536013401 0.9974842767295597 0.6683417085427136 0.9220125786163522 0.6968174204355109 0.9232704402515723 0.5963149078726968 0.9283018867924528 0.5343383584589615 0.9987421383647799 0.509212730318258 1 0.4288107202680067 0.9974842767295597 0.35845896147403683 0.9106918238993711 0.39028475711892796 0.8339622641509434 0.4103852596314908 0.7132075471698113 0.45058626465661644 0.5861635220125786 0.47571189279731996 0.5660377358490566 0.24455611390284757 0.43018867924528303 0.24455611390284757 0.3383647798742138 0.22613065326633167 0.2830188679245283 0.33835845896147404 0.25031446540880503 0.39865996649916247 0.2930817610062893 0.5460636515912898
19 0.6427672955974842 0.4656616415410385 0.7345911949685534 0.4438860971524288 0.9949685534591195 0.36180904522613067 0.9974842767295597 0.0033500837520938024 0.5408805031446541 0.005025125628140704 0.5647798742138365 0.19095477386934673 0.5748427672955975 0.3316582914572864 0.5874213836477987 0.47571189279731996 0.6427672955974842 0.4656616415410385
15 0.23018867924528302 0.07872696817420435 0.22012578616352202 0.135678391959799 0.2138364779874214 0.21943048576214405 0.21132075471698114 0.31155778894472363 0.21257861635220127 0.37018425460636517 0.2289308176100629 0.41708542713567837 0.2238993710691824 0.37185929648241206 0.22515723270440252 0.3333333333333333 0.23773584905660378 0.3601340033500838 0.2490566037735849 0.40033500837520936 0.2993710691823899 0.3015075376884422 0.3371069182389937 0.22278056951423786 0.32452830188679244 0.1306532663316583 0.32955974842767294 0.07705192629815745 0.38113207547169814 0 0.3069182389937107 0.0033500837520938024 0.28553459119496855 0.021775544388609715 0.2440251572327044 0.03015075376884422 0.23018867924528302 0.07872696817420435
13 1 0.6666666666666666 0.9987421383647799 0.457286432160804 0.9283018867924528 0.47068676716917923 0.9207547169811321 0.6984924623115578 1 0.6666666666666666
7 0.1710691823899371 0.09045226130653267 0.17232704402515722 0.09547738693467336 0.1660377358490566 0.10887772194304858 0.16226415094339622 0.12562814070351758 0.15974842767295597 0.1407035175879397 0.1559748427672956 0.15577889447236182 0.15849056603773584 0.16917922948073702 0.15974842767295597 0.18592964824120603 0.16477987421383647 0.20268006700167504 0.16729559748427672 0.21608040201005024 0.17232704402515722 0.23618090452261306 0.17484276729559747 0.2529313232830821 0.18490566037735848 0.2847571189279732 0.18238993710691823 0.271356783919598 0.17987421383647798 0.24288107202680068 0.17735849056603772 0.21775544388609716 0.17735849056603772 0.19430485762144054 0.17735849056603772 0.1574539363484087 0.17987421383647798 0.1390284757118928 0.18490566037735848 0.11557788944723618 0.189937106918239 0.08710217755443886 0.19371069182389938 0.07202680067001675 0.19748427672955976 0.051926298157453935 0.20125786163522014 0 0.18867924528301888 0.0016750418760469012 0.17735849056603772 0.07537688442211055 0.17358490566037735 0.08207705192629816 0.1710691823899371 0.09045226130653267
16 0.20251572327044026 0.34840871021775544 0.19119496855345913 0.3149078726968174 0.18490566037735848 0.2864321608040201 0.18742138364779873 0.31825795644891125 0.189937106918239 0.34840871021775544 0.20125786163522014 0.3869346733668342 0.23018867924528302 0.4824120603015075 0.24528301886792453 0.5008375209380235 0.2238993710691824 0.4020100502512563 0.20251572327044026 0.34840871021775544