3 0.29171817058096416 0.2785571142284569 0.4783683559950556 0.3246492985971944 0.6007416563658838 0.3527054108216433 0.6687268232385661 0.35671342685370744 0.69221260815822 0.3366733466933868 0.7058096415327565 0.3286573146292585 0.6835599505562423 0.25851703406813625 0.6205191594561187 0.13026052104208416 0.511742892459827 0.09819639278557114 0.33250927070457353 0.07615230460921844 0.29171817058096416 0.2785571142284569
9 0.2088998763906057 0.09819639278557114 0.15698393077873918 0.16432865731462926 0.1508034610630408 0.18837675350701402 0.14215080346106304 0.24849699398797595 0.17552533992583436 0.25851703406813625 0.2373300370828183 0.2745490981963928 0.2620519159456119 0.2725450901803607 0.311495673671199 0.0781563126252505 0.2546353522867738 0.0781563126252505 0.2088998763906057 0.09819639278557114
1 0.3819530284301607 0.6733466933867736 0.4054388133498146 0.6112224448897795 0.4289245982694685 0.5450901803607214 0.44870210135970334 0.48897795591182364 0.47713226205191595 0.43887775551102204 0.5067985166872683 0.3867735470941884 0.5339925834363412 0.3366733466933868 0.5426452410383189 0.3186372745490982 0.5179233621755254 0.09819639278557114 0.33498145859085293 0.07214428857715431 0.2867737948084054 0.27655310621242485 0.273176761433869 0.2785571142284569 0.2558714462299135 0.32665330661322645 0.24969097651421507 0.3787575150300601 0.24474660074165636 0.44488977955911824 0.24969097651421507 0.5110220440881763 0.2546353522867738 0.6172344689378757 0.3658838071693449 0.6833667334669339 0.3819530284301607 0.6733466933867736
7 0.09147095179233622 0.37675350701402804 0.09888751545117429 0.4168336673346693 0.103831891223733 0.503006012024048 0.10754017305315204 0.5190380761523046 0.2521631644004944 0.6092184368737475 0.24721878862793573 0.4468937875751503 0.2558714462299135 0.33266533066132264 0.26452410383189123 0.2985971943887776 0.27070457354758964 0.28256513026052105 0.273176761433869 0.2745490981963928 0.26452410383189123 0.2725450901803607 0.28553770086526575 0.1743486973947896 0.3176761433868974 0.07414829659318638 0.2892459826946848 0.06813627254509018 0.22991347342398022 0.07615230460921844 0.18046971569839307 0.12224448897795591 0.12484548825710753 0.20240480961923848 0.10630407911001236 0.2605210420841683 0.09270704573547589 0.3186372745490982 0.09147095179233622 0.37675350701402804
14 0.0815822002472188 0.21442885771543085 0.08281829419035847 0.24448897795591182 0.08776266996291718 0.2605210420841683 0.10877626699629171 0.2605210420841683 0.11990111248454882 0.2605210420841683 0.1260815822002472 0.250501002004008 0.12484548825710753 0.20240480961923848 0.10259579728059333 0.20040080160320642 0.0815822002472188 0.21442885771543085
2 0.4400494437577256 0.6533066132264529 0.4215080346106304 0.7134268537074149 0.4215080346106304 0.7935871743486974 0.4363411619283066 0.8617234468937875 0.48331273176761436 0.935871743486974 0.519159456118665 0.9579158316633266 0.5599505562422744 0.9519038076152304 0.6007416563658838 0.9038076152304609 0.619283065512979 0.8496993987975952 0.6131025957972805 0.7835671342685371 0.6007416563658838 0.717434869739479 0.5698393077873919 0.6492985971943888 0.5401730531520396 0.6072144288577155 0.515451174289246 0.6012024048096193 0.4721878862793572 0.6152304609218436 0.4400494437577256 0.6533066132264529
8 0.032138442521631644 0.42084168336673344 0.03337453646477132 0.46092184368737477 0.0407911001236094 0.5090180360721442 0.054388133498145856 0.5551102204408818 0.07292954264524104 0.5751503006012024 0.0815822002472188 0.5771543086172345 0.103831891223733 0.5691382765531062 0.11742892459826947 0.561122244488978 0.1211372064276885 0.5430861723446894 0.09765142150803462 0.5290581162324649 0.09641532756489493 0.48296593186372744 0.08034610630407911 0.4188376753507014 0.07292954264524104 0.3867735470941884 0.0580964153275649 0.36472945891783565 0.0407911001236094 0.37675350701402804 0.032138442521631644 0.42084168336673344
17 0.7836835599505563 0.10020040080160321 0.7601977750309024 0.08216432865731463 0.6501854140914709 0.05811623246492986 0.5636588380716935 0.04008016032064128 0.4672435105067985 0.03006012024048096 0.3658838071693449 0.022044088176352707 0.2830655129789864 0.03206412825651302 0.24969097651421507 0.05811623246492986 0.33868974042027195 0.050100200400801605 0.37082818294190356 0.04809619238476954 0.453646477132262 0.05811623246492986 0.5784919653893696 0.0781563126252505 0.6773794808405439 0.10420841683366733 0.7836835599505563 0.10020040080160321
19 0.8121137206427689 0.3346693386773547 0.8603213844252163 0.4248496993987976 0.8566131025957973 0.49298597194388777 0.8689740420271941 0.591182364729459 0.8862793572311496 0.7054108216432866 0.9221260815822002 0.6492985971943888 0.9604449938195303 0.5531062124248497 0.9567367119901112 0.48296593186372744 0.9604449938195303 0.44288577154308617 0.9728059332509271 0.4088176352705411 0.9765142150803461 0.35470941883767537 0.9629171817058096 0.3226452905811623 0.9542645241038319 0.3046092184368738 0.9456118665018541 0.30861723446893785 0.9381953028430161 0.2905811623246493 0.8566131025957973 0.1683366733466934 0.8355995055624228 0.12224448897795591 0.7824474660074165 0.09819639278557114 0.6798516687268232 0.1062124248496994 0.8121137206427689 0.3346693386773547
0 0.6118665018541409 0.7535070140280561 0.6242274412855378 0.8677354709418837 0.7404202719406675 0.8917835671342685 0.8220024721878862 0.8797595190380761 0.8949320148331273 0.8156312625250501 0.9493201483312732 0.7154308617234469 0.9641532756489494 0.6212424849699398 0.957972805933251 0.5691382765531062 0.9295426452410384 0.6352705410821643 0.8825710754017305 0.7074148296593187 0.8702101359703337 0.6372745490981964 0.7713226205191595 0.6492985971943888 0.7639060568603214 0.625250501002004 0.6056860321384425 0.627254509018036 0.5710754017305315 0.6513026052104208 0.6118665018541409 0.7535070140280561
18 0.7948084054388134 0.48697394789579157 0.7515451174289246 0.4909819639278557 0.7268232385661311 0.4969939879759519 0.7367119901112484 0.5531062124248497 0.7663782447466008 0.6332665330661322 0.8665018541409147 0.6372745490981964 0.8751545117428925 0.6352705410821643 0.8516687268232386 0.4589178356713427 0.8133498145859085 0.46693386773547096 0.7948084054388134 0.48697394789579157
15 0.40914709517923364 0.7034068136272545 0.40667490729295425 0.6833667334669339 0.40914709517923364 0.627254509018036 0.43139678615574784 0.5791583166332666 0.4635352286773795 0.56312625250501 0.49938195302843014 0.5691382765531062 0.5352286773794809 0.591182364729459 0.5723114956736712 0.6492985971943888 0.6032138442521632 0.6352705410821643 0.757725587144623 0.6232464929859719 0.7268232385661311 0.49298597194388777 0.7713226205191595 0.48096192384769537 0.8566131025957973 0.45490981963927857 0.861557478368356 0.4228456913827655 0.8380716934487021 0.38276553106212424 0.8244746600741656 0.3687374749498998 0.7021013597033374 0.3466933867735471 0.6143386897404203 0.35671342685370744 0.5352286773794809 0.33867735470941884 0.4969097651421508 0.40080160320641284 0.44499381953028433 0.5050100200400801 0.4103831891223733 0.5851703406813628 0.377008652657602 0.6793587174348698 0.40914709517923364 0.7034068136272545
16 0.24103831891223734 0.6072144288577155 0.1681087762669963 0.5591182364729459 0.09765142150803462 0.5050100200400801 0.09765142150803462 0.5250501002004008 0.16440049443757726 0.5691382765531062 0.24721878862793573 0.6332665330661322 0.41409147095179233 0.7414829659318637 0.40914709517923364 0.7034068136272545 0.33250927070457353 0.6613226452905812 0.24103831891223734 0.6072144288577155
5 0.048207663782447466 0.2625250501002004 0.030902348578491966 0.2745490981963928 0.021013597033374538 0.3066132264529058 0.022249690976514216 0.3406813627254509 0.019777503090234856 0.3967935871743487 0.02843016069221261 0.4529058116232465 0.032138442521631644 0.46693386773547096 0.029666254635352288 0.3907815631262525 0.02843016069221261 0.35671342685370744 0.04573547589616811 0.34468937875751504 0.06180469715698393 0.3627254509018036 0.07169344870210136 0.3847695390781563 0.08529048207663782 0.4288577154308617 0.09765142150803462 0.48096192384769537 0.09765142150803462 0.5070140280561122 0.10506798516687268 0.5110220440881763 0.09888751545117429 0.4088176352705411 0.09147095179233622 0.374749498997996 0.09517923362175525 0.3166332665330661 0.10754017305315204 0.2565130260521042 0.08405438813349815 0.250501002004008 0.069221260815822 0.2605210420841683 0.048207663782447466 0.2625250501002004
12 0.07292954264524104 0.2605210420841683 0.08529048207663782 0.250501002004008 0.08281829419035847 0.23647294589178355 0.06551297898640297 0.24048096192384769 0.03337453646477132 0.27054108216432865 0.07292954264524104 0.2605210420841683
4 0.92336217552534 0.37074148296593185 0.9443757725587144 0.35671342685370744 0.9616810877626699 0.342685370741483 0.965389369592089 0.3346693386773547 0.9468479604449939 0.30861723446893785 0.9184177997527813 0.2745490981963928 0.8986402966625463 0.24649298597194388 0.8442521631644005 0.16032064128256512 0.8318912237330037 0.1462925851703407 0.8158220024721878 0.14428857715430862 0.7775030902348579 0.13827655310621242 0.7428924598269468 0.13827655310621242 0.7317676143386898 0.1462925851703407 0.7354758961681088 0.1683366733466934 0.7453646477132262 0.21042084168336672 0.8504326328800988 0.39478957915831664 0.8974042027194067 0.3807615230460922 0.92336217552534 0.37074148296593185