17 0.588456712672522 0.17195325542570952 0.685069008782936 0.1636060100166945 0.5771643663739021 0.14691151919866444 0.4328732747804266 0.15692821368948248 0.3575909661229611 0.1669449081803005 0.31493099121706397 0.17195325542570952 0.411543287327478 0.18697829716193656 0.4454203262233375 0.21035058430717862 0.588456712672522 0.17195325542570952
3 0.5570890840652447 0.39565943238731216 0.6047678795483061 0.38397328881469117 0.7089084065244667 0.3606010016694491 0.6963613550815558 0.2871452420701169 0.6687578419071518 0.20534223706176963 0.6085319949811794 0.22203672787979967 0.5244667503136763 0.25208681135225375 0.5570890840652447 0.39565943238731216
9 0.7979924717691342 0.2270450751252087 0.7503136762860728 0.19365609348914858 0.7013801756587202 0.2020033388981636 0.71267252195734 0.24040066777963273 0.740276035131744 0.335559265442404 0.7427854454203262 0.3622704507512521 0.8406524466750314 0.33889816360601 0.8331242158092849 0.2671118530884808 0.7979924717691342 0.2270450751252087
4 0.14052697616060225 0.3739565943238731 0.17189460476787954 0.4073455759599332 0.18569636135508155 0.39065108514190316 0.20326223337515684 0.4240400667779633 0.3174404015056462 0.44240400667779634 0.39523212045169387 0.44240400667779634 0.4203262233375157 0.32387312186978295 0.410288582183187 0.25375626043405675 0.3212045169385194 0.23205342237061768 0.28858218318695106 0.2303839732888147 0.24717691342534504 0.22203672787979967 0.2095357590966123 0.22203672787979967 0.14052697616060225 0.3739565943238731
18 0.4730238393977415 0.5075125208681135 0.45294855708908405 0.48747913188647746 0.4027603513174404 0.48914858096828046 0.34127979924717694 0.5041736227045075 0.30363864491844417 0.5292153589315526 0.2835633626097867 0.5826377295492488 0.2961104140526976 0.6277128547579299 0.4015056461731493 0.6343906510851419 0.4730238393977415 0.5075125208681135
18 0.11041405269761606 0.3973288814691152 0.10163111668757842 0.4724540901502504 0.11417816813048934 0.5008347245409015 0.11041405269761606 0.3973288814691152
2 0.44291091593475534 0.9549248747913188 0.48180677540777916 0.9732888146911519 0.5244667503136763 0.9565943238731218 0.5595984943538268 0.9031719532554258 0.589711417816813 0.8213689482470785 0.5959849435382685 0.7612687813021702 0.5759096612296111 0.6861435726210351 0.5219573400250941 0.6978297161936561 0.48557089084065247 0.7529215358931552 0.42534504391468003 0.9181969949916527 0.44291091593475534 0.9549248747913188
8 0.8670012547051443 0.48914858096828046 0.8594730238393977 0.5275459098497496 0.8519447929736512 0.5459098497495827 0.835633626097867 0.5742904841402338 0.8594730238393977 0.5843071786310517 0.8833124215809285 0.5692821368948247 0.9008782936010038 0.4974958263772955 0.9084065244667503 0.4590984974958264 0.8933500627352572 0.4273789649415693 0.8670012547051443 0.48914858096828046
0 0.08030112923462986 0.4991652754590985 0.07904642409033877 0.5475792988313857 0.0890840652446675 0.676126878130217 0.1342534504391468 0.7529215358931552 0.21580928481806774 0.8330550918196995 0.2697616060225847 0.8864774624373957 0.3324968632371393 0.9181969949916527 0.41656210790464243 0.9198664440734557 0.45420326223337515 0.8430717863105175 0.48431618569636137 0.7545909849749582 0.47176913425345046 0.7395659432387313 0.451693851944793 0.671118530884808 0.42659974905897113 0.5993322203672788 0.40401505646173147 0.6410684474123539 0.3212045169385194 0.6293823038397329 0.28983688833124216 0.6293823038397329 0.2722710163111669 0.657762938230384 0.23337515683814303 0.6427378964941569 0.19949811794228356 0.6160267111853088 0.15432873274780426 0.5843071786310517 0.12797992471769135 0.5626043405676127 0.10163111668757842 0.4757929883138564 0.08030112923462986 0.4991652754590985
19 0.11417816813048934 0.44908180300500833 0.11543287327478043 0.5108514190317195 0.12797992471769135 0.5575959933222037 0.20200752823086573 0.6210350584307178 0.2697616060225847 0.657762938230384 0.2936010037641154 0.6243739565943238 0.2848180677540778 0.5926544240400667 0.30112923462986196 0.5275459098497496 0.37766624843161856 0.49248747913188645 0.39648682559598497 0.44240400667779634 0.2973651191969887 0.44407345575959933 0.205771643663739 0.4257095158597663 0.15809284818067754 0.3973288814691152 0.13927227101631118 0.3656093489148581 0.11292346298619825 0.3973288814691152 0.11417816813048934 0.44908180300500833
15 0.5232120451693852 0.6961602671118531 0.562107904642409 0.667779632721202 0.5972396486825596 0.6861435726210351 0.6122961104140527 0.7479131886477463 0.6273525721455459 0.7245409015025042 0.6223337515683814 0.664440734557596 0.5834378920953576 0.6143572621035058 0.5432873274780426 0.43906510851419034 0.5319949811794228 0.41068447412353926 0.397741530740276 0.44240400667779634 0.3726474278544542 0.49248747913188645 0.4479297365119197 0.48414023372287146 0.47051442910915936 0.5108514190317195 0.42910915934755334 0.5993322203672788 0.48557089084065247 0.7445742904841403 0.5232120451693852 0.6961602671118531
7 0.8519447929736512 0.2904841402337229 0.835633626097867 0.2570951585976628 0.7791718946047679 0.19532554257095158 0.7327478042659975 0.18030050083472454 0.685069008782936 0.18697829716193656 0.7302383939774153 0.3639398998330551 0.7490589711417817 0.43906510851419034 0.7440401505646174 0.5642737896494157 0.7452948557089084 0.5976627712854758 0.7340025094102886 0.6377295492487479 0.848180677540778 0.5425709515859767 0.8695106649937264 0.4257095158597663 0.863237139272271 0.33889816360601 0.8519447929736512 0.2904841402337229
1 0.7289836888331243 0.35392320534223703 0.7013801756587202 0.24207011686143573 0.6838143036386449 0.18864774624373956 0.6675031367628608 0.18196994991652754 0.588456712672522 0.2003338898163606 0.5094102885821832 0.2387312186978297 0.5081555834378921 0.28046744574290483 0.5395232120451694 0.4240400667779633 0.588456712672522 0.6193656093489148 0.6198243412797992 0.664440734557596 0.6298619824341279 0.7228714524207012 0.7302383939774153 0.6427378964941569 0.7415307402760352 0.5959933222036727 0.7478042659974906 0.44240400667779634 0.7302383939774153 0.3639398998330551 0.7289836888331243 0.35392320534223703
5 0.8670012547051443 0.48414023372287146 0.8808030112923463 0.4557595993322204 0.8946047678795483 0.42237061769616024 0.9109159347553325 0.41402337228714525 0.917189460476788 0.41402337228714525 0.8996235884567126 0.332220367278798 0.8644918444165621 0.34390651085141904 0.8682559598494354 0.4290484140233723 0.8506900878293601 0.5275459098497496 0.8582183186951067 0.5208681135225376 0.8670012547051443 0.48414023372287146
13 0.205771643663739 0.7779632721202003 0.2120451693851945 0.7195325542570952 0.1191969887076537 0.6527545909849749 0.11668757841907151 0.6944908180300501 0.205771643663739 0.7779632721202003
14 0.8594730238393977 0.335559265442404 0.9008782936010038 0.330550918196995 0.8958594730238394 0.29549248747913187 0.8607277289836889 0.28046744574290483 0.8531994981179423 0.3055091819699499 0.8594730238393977 0.335559265442404
19 0.42785445420326224 0.22370617696160267 0.44165621079046424 0.21702838063439064 0.4466750313676286 0.21202003338898165 0.4366373902132999 0.2036727879799666 0.4127979924717691 0.19198664440734559 0.3851944792973651 0.18196994991652754 0.3601003764115433 0.17696160267111852 0.3337515683814304 0.17529215358931552 0.3086574654956085 0.17529215358931552 0.2823086574654956 0.18030050083472454 0.2559598494353827 0.18864774624373956 0.23337515683814303 0.19532554257095158 0.22082810539523212 0.2036727879799666 0.2107904642409034 0.21202003338898165 0.2107904642409034 0.22203672787979967 0.24341279799247176 0.22203672787979967 0.30238393977415307 0.2303839732888147 0.3174404015056462 0.2287145242070117 0.411543287327478 0.25542570951585974 0.41530740276035133 0.2337228714524207 0.42785445420326224 0.22370617696160267
16 0.8431618569636136 0.5642737896494157 0.848180677540778 0.5475792988313857 0.821831869510665 0.5692821368948247 0.7478042659974906 0.6310517529215359 0.6662484316185696 0.7028380634390651 0.6135508155583438 0.7479131886477463 0.6085319949811794 0.7762938230383973 0.8431618569636136 0.5642737896494157