17 0.6670807453416149 0.07261410788381743 0.5975155279503106 0.06431535269709543 0.5142857142857142 0.05186721991701245 0.4260869565217391 0.04979253112033195 0.35031055900621116 0.05186721991701245 0.26956521739130435 0.056016597510373446 0.29440993788819875 0.06224066390041494 0.3093167701863354 0.06431535269709543 0.3204968944099379 0.07883817427385892 0.3204968944099379 0.0954356846473029 0.3453416149068323 0.0954356846473029 0.3950310559006211 0.08921161825726141 0.45217391304347826 0.0912863070539419 0.4956521739130435 0.08506224066390042 0.5540372670807453 0.08091286307053942 0.6062111801242236 0.0912863070539419 0.6633540372670808 0.09336099585062241 0.7503105590062111 0.11203319502074689 0.6670807453416149 0.07261410788381743
18 0.1453416149068323 0.4066390041493776 0.14658385093167703 0.44398340248962653 0.15403726708074533 0.470954356846473 0.18012422360248448 0.4854771784232365 0.22111801242236026 0.5 0.27701863354037265 0.5 0.31801242236024846 0.4854771784232365 0.31801242236024846 0.4605809128630705 0.30807453416149067 0.4149377593360996 0.28819875776397513 0.36721991701244816 0.25217391304347825 0.36721991701244816 0.19875776397515527 0.37344398340248963 0.15403726708074533 0.3817427385892116 0.1453416149068323 0.4066390041493776
2 0.40248447204968946 0.9356846473029046 0.4422360248447205 0.9149377593360996 0.47577639751552797 0.8879668049792531 0.5031055900621118 0.8340248962655602 0.515527950310559 0.7676348547717843 0.5130434782608696 0.7095435684647303 0.5080745341614907 0.6493775933609959 0.484472049689441 0.6078838174273858 0.45590062111801244 0.5767634854771784 0.41366459627329194 0.5871369294605809 0.37142857142857144 0.6203319502074689 0.3403726708074534 0.6867219917012448 0.32546583850931676 0.7800829875518672 0.3279503105590062 0.8651452282157677 0.37142857142857144 0.9232365145228216 0.40248447204968946 0.9356846473029046
8 0.9204968944099379 0.43983402489626555 0.901863354037267 0.4605809128630705 0.8881987577639752 0.5124481327800829 0.8782608695652174 0.58298755186722 0.8633540372670807 0.6058091286307054 0.8683229813664596 0.6286307053941909 0.8944099378881988 0.6473029045643154 0.9192546583850931 0.6390041493775933 0.9354037267080745 0.6161825726141079 0.9465838509316771 0.5767634854771784 0.9602484472049689 0.5269709543568465 0.9565217391304348 0.45435684647302904 0.9391304347826087 0.42738589211618255 0.9204968944099379 0.43983402489626555
4 0.3142857142857143 0.12033195020746888 0.2795031055900621 0.11203319502074689 0.23975155279503105 0.1016597510373444 0.17391304347826086 0.10580912863070539 0.16149068322981366 0.13692946058091288 0.1391304347826087 0.17427385892116182 0.11677018633540373 0.21369294605809128 0.09937888198757763 0.2717842323651452 0.11180124223602485 0.29045643153526973 0.13664596273291926 0.3049792531120332 0.17267080745341615 0.3153526970954357 0.21987577639751552 0.31950207468879666 0.26335403726708073 0.3153526970954357 0.3142857142857143 0.12033195020746888
19 0.20248447204968945 0.3257261410788382 0.16273291925465838 0.31950207468879666 0.11925465838509317 0.2966804979253112 0.09316770186335403 0.2697095435684647 0.08198757763975155 0.3215767634854772 0.084472049689441 0.3755186721991701 0.084472049689441 0.44813278008298757 0.0906832298136646 0.483402489626556 0.12049689440993788 0.5311203319502075 0.1639751552795031 0.5663900414937759 0.17763975155279504 0.5414937759336099 0.1763975155279503 0.47717842323651455 0.14782608695652175 0.45850622406639 0.14285714285714285 0.4170124481327801 0.14658385093167703 0.3796680497925311 0.1826086956521739 0.3651452282157676 0.2236024844720497 0.3651452282157676 0.24347826086956523 0.35892116182572614 0.26335403726708073 0.35892116182572614 0.2720496894409938 0.36099585062240663 0.2645962732919255 0.31950207468879666 0.20248447204968945 0.3257261410788382
0 0.3204968944099379 0.491701244813278 0.28074534161490683 0.5 0.2236024844720497 0.4979253112033195 0.17888198757763976 0.48132780082987553 0.18012422360248448 0.5435684647302904 0.1639751552795031 0.5684647302904564 0.11677018633540373 0.5311203319502075 0.0906832298136646 0.487551867219917 0.08322981366459627 0.4460580912863071 0.07577639751552795 0.44398340248962653 0.0670807453416149 0.46680497925311204 0.05962732919254658 0.49377593360995853 0.0670807453416149 0.5871369294605809 0.08695652173913043 0.6390041493775933 0.13043478260869565 0.7136929460580913 0.1701863354037267 0.7697095435684648 0.2248447204968944 0.8112033195020747 0.2782608695652174 0.8340248962655602 0.3204968944099379 0.7987551867219918 0.32919254658385094 0.7033195020746889 0.3490683229813665 0.6535269709543569 0.36645962732919257 0.6161825726141079 0.3316770186335404 0.5269709543568465 0.3204968944099379 0.491701244813278
14 0.8608695652173913 0.3257261410788382 0.8770186335403727 0.3257261410788382 0.8894409937888199 0.31742738589211617 0.893167701863354 0.2925311203319502 0.8819875776397516 0.27385892116182575 0.8546583850931677 0.26141078838174275 0.853416149068323 0.2800829875518672 0.8509316770186336 0.3091286307053942 0.8608695652173913 0.3257261410788382
3 0.5888198757763975 0.08506224066390042 0.5180124223602485 0.08298755186721991 0.48695652173913045 0.08921161825726141 0.5304347826086957 0.3112033195020747 0.5565217391304348 0.3132780082987552 0.6260869565217392 0.3153526970954357 0.6944099378881987 0.3091286307053942 0.6832298136645962 0.25311203319502074 0.6633540372670808 0.14937759336099585 0.6484472049689441 0.0975103734439834 0.5888198757763975 0.08506224066390042
9 0.698136645962733 0.3153526970954357 0.7440993788819876 0.31742738589211617 0.7913043478260869 0.3236514522821577 0.8484472049689441 0.3112033195020747 0.8559006211180125 0.24896265560165975 0.8273291925465839 0.1991701244813278 0.7763975155279503 0.13485477178423236 0.7267080745341615 0.11410788381742738 0.6509316770186335 0.0975103734439834 0.698136645962733 0.3153526970954357
15 0.2819875776397516 0.3755186721991701 0.31180124223602484 0.4087136929460581 0.32546583850931676 0.47925311203319504 0.3204968944099379 0.4979253112033195 0.36645962732919257 0.6141078838174274 0.4434782608695652 0.5601659751037344 0.506832298136646 0.5746887966804979 0.5329192546583851 0.6597510373443983 0.5366459627329192 0.7116182572614108 0.577639751552795 0.6929460580912863 0.5428571428571428 0.5850622406639004 0.5105590062111801 0.516597510373444 0.493167701863354 0.45850622406639 0.4795031055900621 0.41286307053941906 0.46335403726708074 0.37344398340248963 0.44472049689440996 0.3257261410788382 0.4260869565217391 0.2717842323651452 0.2732919254658385 0.2800829875518672 0.2683229813664596 0.3360995850622407 0.2819875776397516 0.3755186721991701
5 0.8819875776397516 0.44813278008298757 0.8757763975155279 0.5062240663900415 0.8683229813664596 0.5767634854771784 0.8757763975155279 0.5726141078838174 0.8869565217391304 0.508298755186722 0.9031055900621118 0.4605809128630705 0.929192546583851 0.4107883817427386 0.9527950310559006 0.4087136929460581 0.9577639751552796 0.4315352697095436 0.9652173913043478 0.475103734439834 0.9652173913043478 0.516597510373444 0.9701863354037267 0.43983402489626555 0.9714285714285714 0.38381742738589214 0.9602484472049689 0.3381742738589212 0.9329192546583851 0.3132780082987552 0.9142857142857143 0.3070539419087137 0.8919254658385093 0.2821576763485477 0.8770186335403727 0.32987551867219916 0.884472049689441 0.38381742738589214 0.8819875776397516 0.44813278008298757
1 0.4472049689440994 0.34439834024896265 0.47329192546583854 0.3921161825726141 0.5167701863354037 0.5269709543568465 0.5478260869565217 0.5933609958506224 0.5826086956521739 0.6908713692946058 0.6496894409937888 0.6701244813278008 0.7006211180124223 0.6431535269709544 0.7055900621118012 0.5912863070539419 0.7068322981366459 0.5 0.7105590062111802 0.4045643153526971 0.6968944099378882 0.3236514522821577 0.6695652173913044 0.17427385892116182 0.6409937888198758 0.08506224066390042 0.55527950310559 0.08091286307053942 0.5192546583850932 0.07883817427385892 0.4832298136645963 0.07883817427385892 0.4484472049689441 0.0912863070539419 0.4322981366459627 0.1037344398340249 0.4186335403726708 0.17427385892116182 0.41987577639751555 0.26348547717842324 0.4322981366459627 0.3091286307053942 0.4472049689440994 0.34439834024896265
7 0.7118012422360248 0.3941908713692946 0.7055900621118012 0.6473029045643154 0.867080745341615 0.5746887966804979 0.8782608695652174 0.487551867219917 0.884472049689441 0.4004149377593361 0.8795031055900621 0.32987551867219916 0.8496894409937888 0.31742738589211617 0.8484472049689441 0.2966804979253112 0.8546583850931677 0.25311203319502074 0.8360248447204969 0.22199170124481327 0.8099378881987578 0.18464730290456433 0.7788819875776397 0.15145228215767634 0.7403726708074534 0.12448132780082988 0.7130434782608696 0.1078838174273859 0.684472049689441 0.0995850622406639 0.6509316770186335 0.0975103734439834 0.6732919254658385 0.19294605809128632 0.6968944099378882 0.31742738589211617 0.7118012422360248 0.3941908713692946
19 0.31801242236024846 0.07676348547717843 0.30434782608695654 0.06224066390041494 0.2819875776397516 0.058091286307053944 0.2670807453416149 0.058091286307053944 0.24596273291925466 0.058091286307053944 0.2186335403726708 0.06431535269709543 0.19751552795031055 0.06639004149377593 0.18012422360248448 0.07261410788381743 0.168944099378882 0.08506224066390042 0.16770186335403728 0.0995850622406639 0.17142857142857143 0.11203319502074689 0.1813664596273292 0.10580912863070539 0.21366459627329193 0.10580912863070539 0.231055900621118 0.10580912863070539 0.3142857142857143 0.11825726141078838 0.3204968944099379 0.09336099585062241 0.31801242236024846 0.07676348547717843
3 0.453416149068323 0.0995850622406639 0.43975155279503103 0.1037344398340249 0.43105590062111804 0.14522821576763487 0.4236024844720497 0.2157676348547718 0.42857142857142855 0.27385892116182575 0.43850931677018634 0.3070539419087137 0.5167701863354037 0.3049792531120332 0.4968944099378882 0.1887966804979253 0.47577639751552797 0.0995850622406639 0.453416149068323 0.0995850622406639
16 0.5366459627329192 0.7572614107883817 0.8608695652173913 0.6078838174273858 0.8695652173913043 0.5954356846473029 0.8745341614906832 0.5726141078838174 0.5813664596273292 0.6908713692946058 0.5403726708074534 0.7116182572614108 0.5366459627329192 0.7572614107883817