0 0 0.6763392857142857 0.00423728813559322 0.7075892857142857 0.00847457627118644 0.7321428571428571 0.018361581920903956 0.7611607142857143 0.031073446327683617 0.7924107142857143 0.0480225988700565 0.7946428571428571 0.07062146892655367 0.8058035714285714 0.08050847457627118 0.8058035714285714 0.07627118644067797 0.7790178571428571 0.07203389830508475 0.7522321428571429 0.07203389830508475 0.7165178571428571 0.07909604519774012 0.6919642857142857 0.09322033898305085 0.6696428571428571 0.1059322033898305 0.6473214285714286 0.09180790960451977 0.6205357142857143 0.07768361581920905 0.5870535714285714 0.062146892655367235 0.5513392857142857 0.05084745762711865 0.5223214285714286 0.04519774011299435 0.49776785714285715 0.04096045197740113 0.47098214285714285 0.025423728813559324 0.47767857142857145 0.0014124293785310734 0.4888392857142857 0 0.5491071428571429 0 0.5959821428571429 0 0.6763392857142857
18 0 0.48214285714285715 0.00423728813559322 0.4888392857142857 0.03389830508474576 0.4732142857142857 0.062146892655367235 0.45982142857142855 0.07627118644067797 0.4419642857142857 0.0903954802259887 0.39955357142857145 0.1059322033898305 0.3638392857142857 0.11299435028248588 0.3325892857142857 0.1059322033898305 0.296875 0.08615819209039548 0.31026785714285715 0.0692090395480226 0.32589285714285715 0.05084745762711865 0.34598214285714285 0.03389830508474576 0.36607142857142855 0.012711864406779662 0.39732142857142855 0 0.41964285714285715 0 0.48214285714285715
19 0 0.4174107142857143 0.03248587570621469 0.36830357142857145 0.06497175141242938 0.3325892857142857 0.08192090395480225 0.3169642857142857 0.10310734463276836 0.296875 0.11864406779661017 0.26785714285714285 0.1327683615819209 0.22767857142857142 0.153954802259887 0.19196428571428573 0.1016949152542373 0.20758928571428573 0.05649717514124294 0.21205357142857142 0.026836158192090395 0.22544642857142858 0.0211864406779661 0.24553571428571427 0.031073446327683617 0.26785714285714285 0.05508474576271186 0.29017857142857145 0.0423728813559322 0.3169642857142857 0.02824858757062147 0.34375 0.015536723163841809 0.36830357142857145 0 0.38839285714285715 0 0.4174107142857143
4 0.018361581920903956 0.3638392857142857 0.07203389830508475 0.3080357142857143 0.05508474576271186 0.29017857142857145 0.018361581920903956 0.3638392857142857
3 0.21468926553672316 0.22767857142857142 0.16101694915254236 0.25223214285714285 0.12994350282485875 0.2767857142857143 0.1483050847457627 0.3080357142857143 0.17231638418079095 0.33482142857142855 0.19350282485875706 0.35044642857142855 0.2274011299435028 0.359375 0.2711864406779661 0.3638392857142857 0.326271186440678 0.3705357142857143 0.3799435028248588 0.37276785714285715 0.4081920903954802 0.37723214285714285 0.4011299435028249 0.32589285714285715 0.3912429378531073 0.25892857142857145 0.3785310734463277 0.18526785714285715 0.3022598870056497 0.19642857142857142 0.21468926553672316 0.22767857142857142
16 0.7641242937853108 0.6540178571428571 0.692090395480226 0.6696428571428571 0.5607344632768362 0.6919642857142857 0.4646892655367232 0.7075892857142857 0.4463276836158192 0.703125 0.2994350282485876 0.7299107142857143 0.3036723163841808 0.7879464285714286 0.3940677966101695 0.7678571428571429 0.4717514124293785 0.7477678571428571 0.5098870056497176 0.7388392857142857 0.5621468926553672 0.7232142857142857 0.6412429378531074 0.7120535714285714 0.7076271186440678 0.6964285714285714 0.7584745762711864 0.6852678571428571 0.7937853107344632 0.6741071428571429 0.7937853107344632 0.6361607142857143 0.7768361581920904 0.640625 0.7641242937853108 0.6540178571428571
9 0.4378531073446328 0.36607142857142855 0.7259887005649718 0.37723214285714285 0.7090395480225988 0.2767857142857143 0.6271186440677966 0.22991071428571427 0.5607344632768362 0.203125 0.4971751412429379 0.19196428571428573 0.3997175141242938 0.19196428571428573 0.4378531073446328 0.36607142857142855
7 0.4096045197740113 0.375 0.4138418079096045 0.48214285714285715 0.423728813559322 0.5647321428571429 0.4350282485875706 0.6428571428571429 0.4491525423728814 0.6919642857142857 0.4590395480225989 0.7053571428571429 0.7655367231638418 0.6540178571428571 0.7768361581920904 0.6183035714285714 0.786723163841808 0.5424107142857143 0.786723163841808 0.484375 0.7909604519774012 0.47098214285714285 0.7937853107344632 0.44642857142857145 0.7768361581920904 0.390625 0.7655367231638418 0.39285714285714285 0.7669491525423728 0.4017857142857143 0.768361581920904 0.41294642857142855 0.7669491525423728 0.421875 0.7584745762711864 0.4375 0.7457627118644068 0.42410714285714285 0.7415254237288136 0.40401785714285715 0.731638418079096 0.3950892857142857 0.730225988700565 0.359375 0.7330508474576272 0.33705357142857145 0.7259887005649718 0.2767857142857143 0.7076271186440678 0.25892857142857145 0.6087570621468926 0.19866071428571427 0.5310734463276836 0.17857142857142858 0.4307909604519774 0.17633928571428573 0.3799435028248588 0.18303571428571427 0.4096045197740113 0.375
9 0.7274011299435028 0.28348214285714285 0.7344632768361582 0.3392857142857143 0.7372881355932204 0.3325892857142857 0.7542372881355932 0.33705357142857145 0.769774011299435 0.35044642857142855 0.7740112994350282 0.37276785714285715 0.7711864406779662 0.37723214285714285 0.8107344632768362 0.37276785714285715 0.731638418079096 0.2857142857142857 0.7274011299435028 0.28348214285714285
14 0.7330508474576272 0.34375 0.730225988700565 0.36830357142857145 0.731638418079096 0.3950892857142857 0.7415254237288136 0.40401785714285715 0.7457627118644068 0.42410714285714285 0.7570621468926554 0.43526785714285715 0.7655367231638418 0.42857142857142855 0.768361581920904 0.4107142857142857 0.7641242937853108 0.390625 0.7725988700564972 0.3705357142857143 0.769774011299435 0.35044642857142855 0.7542372881355932 0.33705357142857145 0.7358757062146892 0.3325892857142857 0.7330508474576272 0.34375
2 0.08898305084745763 0.7901785714285714 0.10028248587570622 0.8325892857142857 0.11864406779661017 0.8660714285714286 0.1497175141242938 0.890625 0.18361581920903955 0.8995535714285714 0.2330508474576271 0.8861607142857143 0.2584745762711864 0.8549107142857143 0.2768361581920904 0.8102678571428571 0.2853107344632768 0.7522321428571429 0.2796610169491525 0.7075892857142857 0.2584745762711864 0.6674107142857143 0.2245762711864407 0.6428571428571429 0.18926553672316385 0.6294642857142857 0.153954802259887 0.6383928571428571 0.12146892655367232 0.6584821428571429 0.09887005649717515 0.6964285714285714 0.08757062146892655 0.7366071428571429 0.08898305084745763 0.7901785714285714
8 0.8022598870056498 0.6986607142857143 0.8192090395480226 0.7098214285714286 0.8403954802259888 0.7209821428571429 0.8728813559322034 0.71875 0.8968926553672316 0.7053571428571429 0.9166666666666666 0.6763392857142857 0.9265536723163842 0.6495535714285714 0.9350282485875706 0.6004464285714286 0.9322033898305084 0.5602678571428571 0.9209039548022598 0.5267857142857143 0.8912429378531074 0.5044642857142857 0.8573446327683616 0.5133928571428571 0.8319209039548022 0.5401785714285714 0.8135593220338984 0.5736607142857143 0.7966101694915254 0.6339285714285714 0.7966101694915254 0.6852678571428571 0.8022598870056498 0.6986607142857143
15 0.22033898305084745 0.3549107142857143 0.192090395480226 0.35044642857142855 0.08898305084745763 0.40625 0.0748587570621469 0.44642857142857145 0.06073446327683616 0.46205357142857145 0.04096045197740113 0.47098214285714285 0.05084745762711865 0.5267857142857143 0.0692090395480226 0.5691964285714286 0.09180790960451977 0.6227678571428571 0.1059322033898305 0.6495535714285714 0.1483050847457627 0.6138392857142857 0.192090395480226 0.609375 0.2344632768361582 0.6205357142857143 0.2655367231638418 0.6495535714285714 0.2867231638418079 0.6852678571428571 0.2980225988700565 0.7254464285714286 0.4519774011299435 0.703125 0.4435028248587571 0.6763392857142857 0.4322033898305085 0.6383928571428571 0.4194915254237288 0.5535714285714286 0.4124293785310734 0.46651785714285715 0.4096045197740113 0.37723214285714285 0.3234463276836158 0.3705357142857143 0.22033898305084745 0.3549107142857143
17 0.4505649717514124 0.140625 0.3968926553672316 0.13839285714285715 0.3531073446327684 0.14508928571428573 0.2937853107344633 0.15848214285714285 0.2556497175141243 0.16517857142857142 0.1977401129943503 0.17857142857142858 0.15254237288135594 0.19419642857142858 0.14548022598870056 0.21205357142857142 0.134180790960452 0.22767857142857142 0.1172316384180791 0.27232142857142855 0.1285310734463277 0.27901785714285715 0.1426553672316384 0.2611607142857143 0.16242937853107345 0.24776785714285715 0.1807909604519774 0.234375 0.24717514124293785 0.20982142857142858 0.3036723163841808 0.19419642857142858 0.3799435028248588 0.18303571428571427 0.4322033898305085 0.17633928571428573 0.5042372881355932 0.17410714285714285 0.5861581920903954 0.18973214285714285 0.5748587570621468 0.16741071428571427 0.5296610169491526 0.14955357142857142 0.4505649717514124 0.140625
12 0.844632768361582 0.38169642857142855 0.8771186440677966 0.37723214285714285 0.9096045197740112 0.37723214285714285 0.9322033898305084 0.359375 0.9081920903954802 0.3482142857142857 0.8799435028248588 0.33035714285714285 0.846045197740113 0.3169642857142857 0.7782485875706214 0.296875 0.7994350282485876 0.30357142857142855 0.8192090395480226 0.31919642857142855 0.8135593220338984 0.3236607142857143 0.8121468926553672 0.3549107142857143 0.8248587570621468 0.375 0.844632768361582 0.38169642857142855
11 0.8983050847457628 0.39955357142857145 0.923728813559322 0.4174107142857143 0.943502824858757 0.4330357142857143 0.9576271186440678 0.44419642857142855 0.9576271186440678 0.4174107142857143 0.9505649717514124 0.39732142857142855 0.940677966101695 0.37723214285714285 0.9307909604519774 0.36160714285714285 0.9209039548022598 0.36830357142857145 0.9067796610169492 0.37723214285714285 0.8785310734463276 0.3794642857142857 0.8983050847457628 0.39955357142857145
6 0.9533898305084746 0.6227678571428571 0.9576271186440678 0.5982142857142857 0.961864406779661 0.5558035714285714 0.9646892655367232 0.5200892857142857 0.961864406779661 0.48214285714285715 0.9590395480225988 0.44419642857142855 0.9364406779661016 0.4263392857142857 0.9322033898305084 0.453125 0.9152542372881356 0.4955357142857143 0.9336158192090396 0.53125 0.9364406779661016 0.5691964285714286 0.9350282485875706 0.6339285714285714 0.9533898305084746 0.6227678571428571
5 0.7937853107344632 0.44642857142857145 0.786723163841808 0.48660714285714285 0.786723163841808 0.546875 0.7796610169491526 0.6004464285714286 0.7711864406779662 0.6428571428571429 0.7966101694915254 0.6361607142857143 0.806497175141243 0.5848214285714286 0.8177966101694916 0.5558035714285714 0.8319209039548022 0.53125 0.8559322033898306 0.5022321428571429 0.882768361581921 0.4888392857142857 0.9138418079096046 0.49330357142857145 0.9322033898305084 0.453125 0.9364406779661016 0.4263392857142857 0.8757062146892656 0.3794642857142857 0.8234463276836158 0.3794642857142857 0.8163841807909604 0.38839285714285715 0.7768361581920904 0.390625 0.7937853107344632 0.44642857142857145