2 0.43212951432129515 0.7025210084033613 0.3960149439601494 0.7478991596638656 0.3574097135740971 0.8067226890756303 0.32627646326276466 0.8907563025210085 0.3175591531755915 0.9630252100840336 0.33872976338729766 0.9932773109243698 0.45454545454545453 0.9949579831932773 0.48443337484433374 0.9697478991596639 0.5155666251556662 0.9243697478991597 0.5367372353673724 0.8504201680672269 0.5404732254047323 0.761344537815126 0.5193026151930261 0.704201680672269 0.47571606475716066 0.6722689075630253 0.43212951432129515 0.7025210084033613
8 0.9115815691158157 0.4588235294117647 0.8916562889165629 0.49747899159663866 0.8792029887920298 0.5495798319327732 0.8542963885429639 0.6151260504201681 0.8679950186799502 0.626890756302521 0.900373599003736 0.626890756302521 0.9178082191780822 0.5899159663865546 0.9277708592777086 0.5495798319327732 0.9464508094645081 0.4773109243697479 0.9352428393524284 0.43865546218487395 0.9115815691158157 0.4588235294117647
14 0.9227895392278954 0.35294117647058826 0.9364881693648817 0.33277310924369746 0.9090909090909091 0.3042016806722689 0.8866749688667497 0.292436974789916 0.8866749688667497 0.346218487394958 0.9227895392278954 0.35294117647058826
9 0.8854296388542964 0.34285714285714286 0.8816936488169365 0.27899159663865547 0.8206724782067247 0.20336134453781513 0.7596513075965131 0.16638655462184873 0.6712328767123288 0.1546218487394958 0.7036114570361146 0.3596638655462185 0.8854296388542964 0.34285714285714286
3 0.5828144458281445 0.35294117647058826 0.7023661270236613 0.3546218487394958 0.6699875466998755 0.1546218487394958 0.48194271481942713 0.17983193277310924 0.43462017434620176 0.292436974789916 0.5828144458281445 0.35294117647058826
7 0.7235367372353674 0.4319327731092437 0.7222914072229141 0.5546218487394958 0.7110834371108343 0.6857142857142857 0.7646326276463262 0.6470588235294118 0.8592777085927771 0.5781512605042017 0.8767123287671232 0.5260504201680672 0.8953922789539228 0.42857142857142855 0.8929016189290162 0.3663865546218487 0.8816936488169365 0.346218487394958 0.8816936488169365 0.2823529411764706 0.8742216687422167 0.253781512605042 0.8518057285180572 0.22016806722689075 0.8231631382316313 0.18487394957983194 0.7957658779576587 0.15966386554621848 0.7696139476961394 0.146218487394958 0.7397260273972602 0.13949579831932774 0.6650062266500623 0.13445378151260504 0.7023661270236613 0.35126050420168065 0.709838107098381 0.3680672268907563 0.7235367372353674 0.4319327731092437
1 0.4396014943960149 0.3546218487394958 0.45454545454545453 0.4789915966386555 0.4931506849315068 0.5630252100840336 0.526774595267746 0.6235294117647059 0.5653798256537983 0.66890756302521 0.5815691158156912 0.7260504201680672 0.5915317559153176 0.7546218487394958 0.613947696139477 0.746218487394958 0.6625155666251556 0.7109243697478992 0.7085927770859277 0.6823529411764706 0.7148194271481942 0.6336134453781512 0.7185554171855542 0.5596638655462185 0.7210460772104608 0.4588235294117647 0.7061021170610212 0.36134453781512604 0.6625155666251556 0.13445378151260504 0.6027397260273972 0.13277310924369748 0.5442092154420921 0.13781512605042018 0.49813200498132004 0.14789915966386555 0.47447073474470736 0.1815126050420168 0.43462017434620176 0.2857142857142857 0.43212951432129515 0.3058823529411765 0.4396014943960149 0.3546218487394958
15 0.36612702366127026 0.43529411764705883 0.3424657534246575 0.4890756302521008 0.30884184308841844 0.5226890756302521 0.3574097135740971 0.6033613445378151 0.41344956413449563 0.7092436974789916 0.49066002490660027 0.66890756302521 0.5442092154420921 0.6773109243697479 0.564134495641345 0.7445378151260504 0.5666251556662516 0.7764705882352941 0.5877957658779577 0.7579831932773109 0.5790784557907845 0.7344537815126051 0.5628891656288917 0.66890756302521 0.523038605230386 0.6151260504201681 0.48692403486924035 0.5563025210084034 0.45952677459526775 0.48739495798319327 0.4246575342465753 0.292436974789916 0.39227895392278955 0.3764705882352941 0.36612702366127026 0.43529411764705883
5 0.8953922789539228 0.3697478991596639 0.8966376089663761 0.426890756302521 0.8779576587795765 0.5243697478991597 0.8605230386052304 0.5781512605042017 0.8518057285180572 0.6084033613445378 0.8642590286425903 0.5949579831932773 0.8804483188044832 0.5478991596638656 0.8916562889165629 0.49411764705882355 0.9078455790784558 0.46050420168067224 0.9277708592777086 0.44201680672268906 0.933997509339975 0.4319327731092437 0.9427148194271482 0.43529411764705883 0.9526774595267746 0.4235294117647059 0.9551681195516812 0.40336134453781514 0.9539227895392279 0.3865546218487395 0.9489414694894147 0.373109243697479 0.9389788293897883 0.35126050420168065 0.9277708592777086 0.35126050420168065 0.887920298879203 0.35126050420168065 0.8953922789539228 0.3697478991596639
4 0.33997509339975096 0.21680672268907564 0.3163138231631382 0.20840336134453782 0.25280199252801994 0.1899159663865546 0.15317559153175592 0.16302521008403362 0.12204234122042341 0.22016806722689075 0.0896637608966376 0.3042016806722689 0.08094645080946451 0.3865546218487395 0.08717310087173101 0.4672268907563025 0.11581569115815692 0.5058823529411764 0.17434620174346202 0.5563025210084034 0.21544209215442092 0.5697478991596638 0.24906600249066002 0.46218487394957986 0.2777085927770859 0.37478991596638656 0.3001245330012453 0.2957983193277311 0.32627646326276466 0.24705882352941178 0.33997509339975096 0.21680672268907564
18 0.34744707347447074 0.2218487394957983 0.31133250311332505 0.2689075630252101 0.2851805728518057 0.35126050420168065 0.2403486924034869 0.48403361344537815 0.2191780821917808 0.5697478991596638 0.23536737235367372 0.5697478991596638 0.27023661270236615 0.5512605042016807 0.3175591531755915 0.5176470588235295 0.3574097135740971 0.46050420168067224 0.39352428393524286 0.3663865546218487 0.43088418430884184 0.27058823529411763 0.45454545454545453 0.20672268907563024 0.44956413449564137 0.1865546218487395 0.34744707347447074 0.2218487394957983
0 0.34744707347447074 0.5831932773109244 0.3125778331257783 0.5294117647058824 0.2640099626400996 0.5663865546218487 0.2328767123287671 0.5815126050420169 0.1930261519302615 0.5714285714285714 0.1307596513075965 0.5260504201680672 0.09464508094645081 0.4756302521008403 0.074719800747198 0.43025210084033616 0.0660024906600249 0.40672268907563025 0.037359900373599 0.4403361344537815 0.037359900373599 0.49747899159663866 0.05603985056039851 0.5815126050420169 0.07098381070983811 0.6151260504201681 0.08717310087173101 0.5865546218487395 0.0958904109589041 0.5478991596638656 0.18181818181818182 0.6453781512605042 0.15940224159402241 0.6974789915966386 0.0896637608966376 0.6050420168067226 0.07098381070983811 0.6369747899159663 0.14072229140722292 0.7428571428571429 0.20423412204234123 0.8436974789915966 0.27023661270236615 0.9159663865546218 0.31008717310087175 0.9529411764705882 0.33499377334993774 0.8504201680672269 0.36612702366127026 0.7680672268907563 0.41344956413449563 0.7176470588235294 0.37982565379825656 0.6470588235294118 0.34744707347447074 0.5831932773109244
13 0.16189290161892902 0.6991596638655462 0.17683686176836863 0.6453781512605042 0.1718555417185554 0.6302521008403361 0.1569115815691158 0.6168067226890757 0.1320049813200498 0.584873949579832 0.09464508094645081 0.5495798319327732 0.08343711083437111 0.5932773109243697 0.16189290161892902 0.6991596638655462
17 0.28019925280199254 0.11260504201680673 0.3175591531755915 0.11092436974789915 0.35118306351183065 0.12773109243697478 0.32378580323785805 0.15126050420168066 0.33748443337484435 0.19663865546218487 0.34869240348692404 0.20336134453781513 0.45952677459526775 0.17983193277310924 0.47820672478206727 0.17983193277310924 0.49937733499377335 0.146218487394958 0.6612702366127023 0.13109243697478992 0.7334993773349938 0.1361344537815126 0.7658779576587795 0.146218487394958 0.7907845579078456 0.15126050420168066 0.7559153175591532 0.12773109243697478 0.7073474470734745 0.11596638655462185 0.5815691158156912 0.0907563025210084 0.45952677459526775 0.08571428571428572 0.28268991282689915 0.08739495798319327 0.21046077210460773 0.09747899159663866 0.22042341220423411 0.10756302521008404 0.28019925280199254 0.11260504201680673
18 0.099626400996264 0.2672268907563025 0.11581569115815692 0.22857142857142856 0.13325031133250312 0.19327731092436976 0.10087173100871731 0.24033613445378152 0.08094645080946451 0.2823529411764706 0.0660024906600249 0.3142857142857143 0.0647571606475716 0.36470588235294116 0.0684931506849315 0.4016806722689076 0.08094645080946451 0.43529411764705883 0.08468244084682441 0.3126050420168067 0.099626400996264 0.2672268907563025
19 0.32129514321295144 0.1495798319327731 0.32627646326276466 0.14285714285714285 0.35118306351183065 0.13109243697478992 0.33499377334993774 0.11932773109243698 0.31880448318804483 0.11092436974789915 0.29265255292652553 0.11596638655462185 0.27895392278953923 0.11260504201680673 0.2266500622665006 0.1092436974789916 0.21793275217932753 0.10588235294117647 0.21046077210460773 0.10084033613445378 0.1930261519302615 0.10420168067226891 0.1780821917808219 0.11092436974789915 0.16811955168119552 0.11764705882352941 0.1519302615193026 0.11932773109243698 0.1506849315068493 0.13445378151260504 0.15442092154420922 0.1495798319327731 0.15442092154420922 0.16470588235294117 0.24159402241594022 0.18487394957983194 0.33499377334993774 0.20840336134453782 0.33499377334993774 0.18487394957983194 0.32129514321295144 0.1495798319327731
6 0.9514321295143213 0.507563025210084 0.9551681195516812 0.49411764705882355 0.9576587795765878 0.4672268907563025 0.9613947696139477 0.44201680672268906 0.9638854296388543 0.4151260504201681 0.962640099626401 0.4050420168067227 0.9564134495641345 0.3949579831932773 0.9551681195516812 0.4151260504201681 0.9526774595267746 0.426890756302521 0.9427148194271482 0.4369747899159664 0.9489414694894147 0.46050420168067224 0.950186799501868 0.4773109243697479 0.9489414694894147 0.4957983193277311 0.9452054794520548 0.5176470588235295 0.937733499377335 0.5428571428571428 0.9514321295143213 0.507563025210084
16 0.597758405977584 0.7529411764705882 0.5666251556662516 0.7764705882352941 0.5616438356164384 0.8016806722689076 0.5516811955168119 0.8184873949579832 0.7683686176836861 0.6621848739495798 0.8505603985056039 0.6084033613445378 0.8580323785803238 0.5798319327731093 0.709838107098381 0.6857142857142857 0.597758405977584 0.7529411764705882