19 0.14698492462311558 0 0 0 0 0.12709030100334448 0.157035175879397 0.14381270903010032 0.13944723618090452 0.0451505016722408 0.14698492462311558 0
15 0.6407035175879398 0.6939799331103679 0.6947236180904522 0.6806020066889632 0.7525125628140703 0.6806020066889632 0.8027638190954773 0.7123745819397993 0.8228643216080402 0.7608695652173914 0.8379396984924623 0.8361204013377926 0.8391959798994975 0.903010033444816 0.8304020100502513 0.9665551839464883 0.8831658291457286 0.9247491638795987 0.8693467336683417 0.8461538461538461 0.8567839195979899 0.7575250836120402 0.8404522613065326 0.6605351170568562 0.8153266331658291 0.5769230769230769 0.7801507537688442 0.4782608695652174 0.7462311557788944 0.3862876254180602 0.7135678391959799 0.3110367892976589 0.6859296482412061 0.2709030100334448 0.6532663316582915 0.22240802675585283 0.6206030150753769 0.16722408026755853 0.5992462311557789 0.10033444816053512 0.15577889447236182 0 0.15201005025125627 0.06020066889632107 0.16457286432160803 0.12709030100334448 0.22613065326633167 0.16722408026755853 0.2675879396984925 0.20903010033444816 0.292713567839196 0.2692307692307692 0.32914572864321606 0.3729096989966555 0.3492462311557789 0.43478260869565216 0.3417085427135678 0.47324414715719065 0.31909547738693467 0.4916387959866221 0.3706030150753769 0.6204013377926422 0.4371859296482412 0.7441471571906354 0.48149916959799 0.8440948377926422 0.5138190954773869 0.8076923076923077 0.5540201005025126 0.7675585284280937 0.5904522613065326 0.7357859531772575 0.6407035175879398 0.6939799331103679
16 0.8241206030150754 0.9983277591973244 0.8630653266331658 0.9983277591973244 0.9987437185929648 0.8745819397993311 0.9987437185929648 0.8478260869565217 0.907035175879397 0.9180602006688964 0.8266331658291457 0.9682274247491639 0.8241206030150754 0.9983277591973244
1 0.6206030150753769 0 0.6042713567839196 0.0016722408026755853 0.5891959798994975 0.005016722408026756 0.5954773869346733 0.03511705685618729 0.5979899497487438 0.061872909698996656 0.6017587939698492 0.0903010033444816 0.6092964824120602 0.12207357859531773 0.621859296482412 0.15217391304347827 0.6595477386934674 0.23411371237458195 0.7010050251256281 0.2909698996655518 0.7317945753768844 0.34158983110367896 0.7675879396984925 0.4280936454849498 0.7977386934673367 0.5083612040133779 0.8379396984924623 0.6354515050167224 0.8605527638190955 0.7408026755852842 0.8680904522613065 0.8160535117056856 0.8731155778894473 0.8779264214046822 0.8844221105527639 0.9214046822742475 0.9020100502512562 0.9163879598662207 0.9359296482412061 0.8979933110367893 0.9698492462311558 0.8662207357859532 0.9987437185929648 0.8478260869565217 0.9987437185929648 0.725752508361204 0.9987437185929648 0.32608695652173914 0.9937185929648241 0.26588628762541805 0.9660804020100503 0.17224080267558528 0.9258793969849246 0.06856187290969899 0.9032663316582915 0.023411371237458192 0.8693467336683417 0 0.6206030150753769 0
3 0.7399497487437185 0.0016722408026755853 0.800251256281407 0.2391304347826087 0.8693467336683417 0.26421404682274247 0.9886934673366834 0.3210702341137124 0.9623115577889447 0.21070234113712374 0.9246231155778895 0.10535117056856187 0.8932160804020101 0.03177257525083612 0.8542713567839196 0.0016722408026755853 0.7399497487437185 0.0016722408026755853
9 0.9987437185929648 0.12876254180602006 0.9321608040201005 0.06020066889632107 0.9560301507537688 0.12876254180602006 0.9987437185929648 0.2692307692307692 0.9987437185929648 0.12876254180602006
2 0.4020100502512563 0.9983277591973244 0.800251256281407 0.9983277591973244 0.7952261306532663 0.9163879598662207 0.7914572864321608 0.8528428093645485 0.7701005025125628 0.7792642140468228 0.7236180904522613 0.7508361204013378 0.6796482412060302 0.725752508361204 0.6394472361809045 0.7207357859531772 0.5917085427135679 0.7508361204013378 0.542713567839196 0.7976588628762542 0.5025125628140703 0.8361204013377926 0.4635678391959799 0.9046822742474916 0.4158291457286432 0.9916387959866221 0.4020100502512563 0.9983277591973244
0 0 0.9983277591973244 0.4020100502512563 0.9983277591973244 0.44974874371859297 0.9147157190635451 0.478643216080402 0.8411371237458194 0.4371859296482412 0.7508361204013378 0.3869346733668342 0.6638795986622074 0.35050251256281406 0.5769230769230769 0.3178391959798995 0.5033444816053512 0.292713567839196 0.5117056856187291 0.21105527638190955 0.5183946488294314 0.11934673366834171 0.5183946488294314 0 0.5117056856187291 0 0.9983277591973244
18 0 0.5066889632107023 0.05402010050251256 0.5133779264214047 0.14195979899497488 0.5133779264214047 0.2663316582914573 0.5133779264214047 0.314070351758794 0.49665551839464883 0.3341708542713568 0.47157190635451507 0.3391959798994975 0.4180602006688963 0.314070351758794 0.342809364548495 0.28266331658291455 0.2709030100334448 0.25125628140703515 0.2040133779264214 0.20477386934673367 0.1605351170568562 0.12562814070351758 0.13043478260869565 0 0.11872909698996656 0 0.12040133779264214 0 0.49665551839464883 0 0.5066889632107023
7 0.9987437185929648 0.1254180602006689 0.9535175879396985 0.06856187290969899 0.9158291457286433 0.04013377926421405 0.9409547738693468 0.08862876254180602 0.9698492462311558 0.1705685618729097 0.9974874371859297 0.2709030100334448 0.9987437185929648 0.1254180602006689
3 0.6042713567839196 0 0.6042713567839196 0.03511705685618729 0.6055276381909548 0.06856187290969899 0.6168341708542714 0.10702341137123746 0.6381909547738693 0.17391304347826086 0.7776381909547738 0.22909698996655517 0.7198492462311558 0.0033444816053511705 0.6042713567839196 0