1 0.41656210790464243 0.345 0.46925972396486826 0.18166666666666667 0.4491844416562108 0.16833333333333333 0.4002509410288582 0.15166666666666667 0.35006273525721454 0.14 0.29234629861982436 0.145 0.24592220828105396 0.265 0.23462986198243413 0.30833333333333335 0.2233375156838143 0.33 0.2107904642409034 0.3616666666666667 0.20451693851944794 0.40166666666666667 0.20451693851944794 0.45 0.2107904642409034 0.5166666666666667 0.21706398996235884 0.5866666666666667 0.3437892095357591 0.66 0.3462986198243413 0.5783333333333334 0.3877038895859473 0.49833333333333335 0.40401505646173147 0.4066666666666667 0.4228356336260979 0.34 0.41656210790464243 0.345
3 0.24843161856963614 0.31333333333333335 0.33626097867001253 0.32666666666666666 0.411543287327478 0.34 0.45545796737766625 0.19333333333333333 0.4127979924717691 0.16333333333333333 0.33877038895859474 0.15333333333333332 0.30363864491844417 0.15166666666666667 0.26474278544542035 0.25666666666666665 0.24843161856963614 0.31333333333333335
3 0.5056461731493099 0.3433333333333333 0.5533249686323714 0.31833333333333336 0.5018820577164367 0.24333333333333335 0.4730238393977415 0.22333333333333333 0.45294855708908405 0.285 0.43914680050188204 0.33166666666666667 0.5056461731493099 0.3433333333333333
9 0.2245922208281054 0.30833333333333335 0.27728983688833125 0.15 0.2258469259723965 0.16666666666666666 0.15683814303638646 0.21333333333333335 0.1329987452948557 0.30833333333333335 0.2245922208281054 0.30833333333333335
9 0.15181932245922208 0.22333333333333333 0.12170639899623588 0.26 0.12672521957340024 0.27166666666666667 0.12672521957340024 0.3016666666666667 0.13048933500627352 0.3 0.15181932245922208 0.22333333333333333
14 0.12547051442910917 0.2733333333333333 0.12170639899623588 0.2633333333333333 0.1028858218318695 0.25833333333333336 0.0903387703889586 0.2683333333333333 0.08030112923462986 0.2816666666666667 0.07779171894604768 0.295 0.08782936010037641 0.305 0.10664993726474278 0.305 0.12421580928481807 0.3016666666666667 0.12547051442910917 0.2866666666666667 0.12547051442910917 0.2733333333333333
8 0.04767879548306148 0.44666666666666666 0.05269761606022585 0.49833333333333335 0.07026348808030113 0.555 0.08531994981179424 0.5683333333333334 0.09284818067754078 0.5733333333333334 0.10790464240903387 0.5683333333333334 0.12672521957340024 0.5683333333333334 0.1342534504391468 0.555 0.10915934755332497 0.5366666666666666 0.09159347553324969 0.475 0.06775407779171895 0.40166666666666667 0.05144291091593475 0.41833333333333333 0.04767879548306148 0.44666666666666666
2 0.3851944792973651 0.6683333333333333 0.3851944792973651 0.73 0.4002509410288582 0.8016666666666666 0.42785445420326224 0.8516666666666667 0.5043914680050188 0.9133333333333333 0.5545796737766625 0.8983333333333333 0.5746549560853199 0.8783333333333333 0.5972396486825596 0.84 0.5972396486825596 0.8133333333333334 0.5922208281053952 0.7816666666666666 0.5734002509410289 0.7216666666666667 0.5470514429109159 0.6566666666666666 0.5169385194479298 0.6016666666666667 0.4742785445420326 0.5616666666666666 0.4353826850690088 0.5666666666666667 0.39272271016311167 0.6233333333333333 0.3851944792973651 0.6683333333333333
19 0.7365119196988708 0.5066666666666667 0.7515683814303639 0.6033333333333334 0.8795483061480552 0.5116666666666667 0.9058971141781681 0.49166666666666664 0.918444165621079 0.47 0.9234629861982434 0.375 0.917189460476788 0.34 0.8933500627352572 0.29833333333333334 0.8607277289836889 0.31666666666666665 0.7929736511919699 0.3383333333333333 0.7013801756587202 0.365 0.7214554579673776 0.43333333333333335 0.7365119196988708 0.5066666666666667
0 0.5081555834378921 0.59 0.5282308657465495 0.6166666666666667 0.5595984943538268 0.6833333333333333 0.5809284818067754 0.7466666666666667 0.5909661229611042 0.7816666666666666 0.5997490589711418 0.82 0.6248431618569636 0.8283333333333334 0.726474278544542 0.8233333333333334 0.7766624843161857 0.8016666666666666 0.835633626097867 0.75 0.863237139272271 0.7316666666666667 0.9234629861982434 0.6316666666666667 0.9410288582183187 0.5483333333333333 0.9523212045169385 0.49833333333333335 0.9435382685069009 0.46 0.9385194479297365 0.3883333333333333 0.9234629861982434 0.38666666666666666 0.9196988707653702 0.4716666666666667 0.9058971141781681 0.49333333333333335 0.8331242158092849 0.5433333333333333 0.7503136762860728 0.6033333333333334 0.7377666248431619 0.5116666666666667 0.726474278544542 0.51 0.6060225846925973 0.49333333333333335 0.5081555834378921 0.59
18 0.6725219573400251 0.37 0.6624843161856964 0.38333333333333336 0.616060225846926 0.40166666666666667 0.5784190715181933 0.42 0.6060225846925973 0.49666666666666665 0.739021329987453 0.5116666666666667 0.7013801756587202 0.36666666666666664 0.6649937264742786 0.2833333333333333 0.6424090338770388 0.29 0.6725219573400251 0.37
4 0.6875784190715182 0.3433333333333333 0.7026348808030113 0.36666666666666664 0.8092848180677541 0.33666666666666667 0.8946047678795483 0.295 0.7779171894604768 0.17333333333333334 0.7051442910915935 0.16833333333333333 0.6323713927227101 0.17 0.589711417816813 0.17166666666666666 0.64366373902133 0.23666666666666666 0.6875784190715182 0.3433333333333333
17 0.6624843161856964 0.135 0.5495608531994981 0.12 0.451693851944793 0.11166666666666666 0.36762860727728985 0.11333333333333333 0.3111668757841907 0.11833333333333333 0.3851944792973651 0.12 0.4868255959849435 0.13333333333333333 0.5470514429109159 0.145 0.6624843161856964 0.135
15 0.5683814303638645 0.325 0.5144291091593476 0.35333333333333333 0.4755332496863237 0.355 0.4203262233375157 0.36 0.3989962358845671 0.43 0.39272271016311167 0.49166666666666664 0.3751568381430364 0.515 0.3475533249686324 0.5733333333333334 0.3437892095357591 0.605 0.3462986198243413 0.6616666666666666 0.36762860727728985 0.67 0.36762860727728985 0.6333333333333333 0.3739021329987453 0.59 0.3889585947302384 0.5616666666666666 0.4090338770388959 0.5433333333333333 0.451693851944793 0.54 0.506900878293601 0.59 0.6035131744040151 0.495 0.5821831869510665 0.4216666666666667 0.6687578419071518 0.375 0.5683814303638645 0.325
7 0.08657465495608532 0.3616666666666667 0.08782936010037641 0.42 0.09535759096612297 0.4583333333333333 0.10664993726474278 0.5033333333333333 0.11041405269761606 0.5166666666666667 0.14429109159347553 0.535 0.1606022584692597 0.55 0.18318695106649938 0.56 0.21455457967377667 0.5783333333333334 0.2120451693851945 0.5333333333333333 0.20702634880803011 0.5033333333333333 0.20326223337515684 0.4666666666666667 0.20326223337515684 0.435 0.20326223337515684 0.4083333333333333 0.20451693851944794 0.39 0.2095357590966123 0.3616666666666667 0.22082810539523212 0.3283333333333333 0.22835633626097868 0.3233333333333333 0.23337515683814303 0.31166666666666665 0.28732747804265996 0.14333333333333334 0.27478042659974905 0.145 0.23588456712672523 0.155 0.20326223337515684 0.17 0.1794228356336261 0.18833333333333332 0.15809284818067754 0.20833333333333334 0.15181932245922208 0.235 0.14429109159347553 0.2633333333333333 0.1355081555834379 0.29333333333333333 0.12797992471769135 0.305 0.09912170639899624 0.30833333333333335 0.0890840652446675 0.33 0.08657465495608532 0.3616666666666667
5 0.05771643663739021 0.31666666666666665 0.050188205771643665 0.325 0.04015056461731493 0.34833333333333333 0.03638644918444166 0.36 0.03638644918444166 0.37833333333333335 0.03889585947302384 0.405 0.04265997490589712 0.38666666666666666 0.04893350062735257 0.38 0.053952321204516936 0.38 0.06524466750313676 0.395 0.07151819322459223 0.4116666666666667 0.07779171894604768 0.42833333333333334 0.08531994981179424 0.455 0.09786700125470514 0.49166666666666664 0.1053952321204517 0.52 0.11041405269761606 0.5166666666666667 0.10037641154328733 0.47833333333333333 0.09410288582183186 0.455 0.08782936010037641 0.42 0.08657465495608532 0.3466666666666667 0.08782936010037641 0.33 0.09284818067754078 0.32 0.09786700125470514 0.30666666666666664 0.07779171894604768 0.30333333333333334 0.06273525721455459 0.30833333333333335 0.05771643663739021 0.31666666666666665
13 0.9222082810539524 0.5916666666666667 0.917189460476788 0.5583333333333333 0.8544542032622334 0.615 0.8531994981179423 0.6633333333333333 0.9222082810539524 0.5916666666666667
19 0.7804265997490589 0.15833333333333333 0.7641154328732748 0.15333333333333332 0.7415307402760352 0.15 0.7189460476787954 0.14666666666666667 0.6938519447929736 0.14166666666666666 0.6649937264742786 0.13833333333333334 0.6286072772898369 0.13833333333333334 0.5834378920953576 0.13666666666666666 0.5520702634880803 0.14333333333333334 0.5708908406524467 0.16833333333333333 0.5834378920953576 0.185 0.5984943538268507 0.20833333333333334 0.617314930991217 0.24333333333333335 0.6386449184441656 0.285 0.6675031367628608 0.28 0.6511919698870765 0.255 0.6323713927227101 0.22166666666666668 0.589711417816813 0.17 0.6148055207026348 0.16833333333333333 0.6775407779171895 0.165 0.7427854454203262 0.17 0.7754077791718946 0.17166666666666666 0.7804265997490589 0.15833333333333333
18 0.9335006273525721 0.36333333333333334 0.9247176913425345 0.34 0.9134253450439147 0.31333333333333335 0.8983688833124216 0.2866666666666667 0.875784190715182 0.25166666666666665 0.8670012547051443 0.255 0.8870765370138017 0.2833333333333333 0.8996235884567126 0.30833333333333335 0.9134253450439147 0.33166666666666667 0.9222082810539524 0.3566666666666667 0.9259723964868256 0.385 0.9372647427854455 0.3883333333333333 0.9335006273525721 0.36333333333333334
16 0.21580928481806774 0.5833333333333334 0.11041405269761606 0.52 0.1053952321204517 0.52 0.10915934755332497 0.5366666666666666 0.21580928481806774 0.6083333333333333 0.3751568381430364 0.7166666666666667 0.36386449184441655 0.67 0.34127979924717694 0.66 0.21580928481806774 0.5833333333333334