20 0.5651629072681704 0.07512520868113523 0.5100250626566416 0.1335559265442404 0.8583959899749374 0.2353923205342237 0.968671679197995 0.02671118530884808 0.8546365914786967 0.005008347245409015 0.6578947368421053 0.001669449081803005 0.5651629072681704 0.07512520868113523
9 0.9448621553884712 0.1419031719532554 0.9423558897243107 0.19365609348914858 0.9548872180451128 0.19365609348914858 0.9649122807017544 0.17696160267111852 0.9761904761904762 0.1652754590984975 1 0.1636060100166945 0.9987468671679198 0.05008347245409015 0.9711779448621554 0.08848080133555926 0.9448621553884712 0.1419031719532554
7 0.9548872180451128 0.1001669449081803 0.9223057644110275 0.16193656093489148 0.9022556390977443 0.20534223706176963 0.893483709273183 0.2303839732888147 0.893483709273183 0.2570951585976628 0.9072681704260651 0.2871452420701169 0.9085213032581454 0.32220367278797996 0.9097744360902256 0.3555926544240401 0.9022556390977443 0.39232053422370616 0.893483709273183 0.41903171953255425 0.8872180451127819 0.4574290484140234 0.8759398496240601 0.4958263772954925 0.8696741854636592 0.5258764607679466 0.8621553884711779 0.5525876460767947 0.8583959899749374 0.5776293823038398 0.8734335839598998 0.5676126878130217 0.9974937343358395 0.4774624373956594 0.9987468671679198 0.27712854757929883 1 0.048414023372287146 0.9974937343358395 0.0333889816360601 0.9786967418546366 0.05843071786310518 0.9548872180451128 0.1001669449081803
8 0.6165413533834586 0.679465776293823 0.6040100250626567 0.7228714524207012 0.6090225563909775 0.7412353923205343 0.6215538847117794 0.7512520868113522 0.6441102756892231 0.7696160267111853 0.6654135338345865 0.7729549248747913 0.6829573934837093 0.7696160267111853 0.7117794486215538 0.7562604340567612 0.7406015037593985 0.7278797996661102 0.7631578947368421 0.6944908180300501 0.7819548872180451 0.656093489148581 0.7969924812030075 0.6093489148580968 0.8057644110275689 0.5575959933222037 0.8070175438596491 0.5041736227045075 0.8020050125313283 0.4741235392320534 0.7844611528822055 0.4524207011686144 0.7506265664160401 0.4707846410684474 0.7293233082706767 0.49081803005008345 0.6967418546365914 0.5141903171953256 0.6691729323308271 0.5575959933222037 0.6491228070175439 0.6093489148580968 0.6365914786967418 0.6494156928213689 0.6165413533834586 0.679465776293823
6 0.17293233082706766 0.333889816360601 0.16917293233082706 0.3756260434056761 0.17543859649122806 0.4540901502504174 0.18295739348370926 0.5141903171953256 0.21052631578947367 0.5692821368948247 0.24561403508771928 0.6243739565943238 0.2756892230576441 0.666110183639399 0.29197994987468673 0.7161936560934892 0.3208020050125313 0.7295492487479132 0.37844611528822053 0.7529215358931552 0.4323308270676692 0.7662771285475793 0.4924812030075188 0.7779632721202003 0.5476190476190477 0.7729549248747913 0.5939849624060151 0.7662771285475793 0.6353383458646616 0.6510851419031719 0.5914786967418546 0.659432387312187 0.5426065162907269 0.662771285475793 0.5275689223057645 0.6477462437395659 0.5325814536340853 0.6076794657762938 0.5388471177944862 0.5676126878130217 0.4824561403508772 0.5609348914858097 0.39724310776942356 0.5575959933222037 0.3483709273182957 0.5559265442404007 0.3258145363408521 0.5425709515859767 0.32957393483709274 0.4958263772954925 0.34962406015037595 0.4557595993322204 0.18295739348370926 0.3005008347245409 0.17293233082706766 0.333889816360601
11 0.37092731829573933 0.5559265442404007 0.43859649122807015 0.5592654424040067 0.5100250626566416 0.5609348914858097 0.5325814536340853 0.5492487479131887 0.5538847117794486 0.5225375626043406 0.5726817042606517 0.48914858096828046 0.5476190476190477 0.48247078464106846 0.5012531328320802 0.4774624373956594 0.44611528822055135 0.46243739565943237 0.38471177944862156 0.4524207011686144 0.35714285714285715 0.48080133555926546 0.3383458646616541 0.5091819699499165 0.32957393483709274 0.5442404006677797 0.37092731829573933 0.5559265442404007
12 0.41854636591478694 0.15692821368948248 0.3408521303258145 0.17863105175292154 0.2769423558897243 0.2020033388981636 0.23809523809523808 0.2287145242070117 0.20050125313283207 0.2704507512520868 0.18170426065162906 0.2988313856427379 0.20426065162907267 0.32053422370617696 0.23057644110275688 0.34724540901502504 0.2606516290726817 0.3722871452420701 0.30451127819548873 0.41569282136894825 0.3458646616541353 0.4540901502504174 0.39348370927318294 0.4557595993322204 0.43107769423558895 0.4607679465776294 0.47368421052631576 0.4674457429048414 0.5100250626566416 0.4757929883138564 0.5375939849624061 0.4557595993322204 0.6077694235588973 0.4090150250417362 0.6403508771929824 0.38397328881469117 0.6804511278195489 0.3555926544240401 0.7155388471177945 0.337228714524207 0.7606516290726817 0.31886477462437396 0.7882205513784462 0.3055091819699499 0.818295739348371 0.29549248747913187 0.8395989974937343 0.2838063439065108 0.8533834586466166 0.2704507512520868 0.8596491228070176 0.25208681135225375 0.8583959899749374 0.2353923205342237 0.7819548872180451 0.21869782971619364 0.7017543859649122 0.19365609348914858 0.6015037593984962 0.16193656093489148 0.5075187969924813 0.1318864774624374 0.41854636591478694 0.15692821368948248
13 0.18295739348370926 0.4791318864774624 0.21303258145363407 0.5191986644407346 0.24686716791979949 0.5692821368948247 0.2631578947368421 0.5792988313856428 0.2619047619047619 0.5325542570951586 0.18045112781954886 0.4240400667779633 0.18295739348370926 0.4791318864774624
17 0.9987468671679198 0.00333889816360601 0.8897243107769424 0.001669449081803005 0.9711779448621554 0.02337228714524207 0.9987468671679198 0.00333889816360601
16 0.8583959899749374 0.5876460767946577 0.9987468671679198 0.48914858096828046 0.9974937343358395 0.4791318864774624 0.8558897243107769 0.5792988313856428 0.8583959899749374 0.5876460767946577
5 0.5739348370927319 0.48414023372287146 0.5701754385964912 0.4941569282136895 0.5651629072681704 0.5141903171953256 0.5476190476190477 0.5475792988313857 0.5401002506265664 0.5676126878130217 0.531328320802005 0.6193656093489148 0.5288220551378446 0.6477462437395659 0.5375939849624061 0.66110183639399 0.550125313283208 0.662771285475793 0.5701754385964912 0.664440734557596 0.5902255639097744 0.66110183639399 0.6140350877192983 0.654424040066778 0.6378446115288221 0.6527545909849749 0.6466165413533834 0.6176961602671118 0.6629072681704261 0.5826377295492488 0.6741854636591479 0.5509181969949917 0.6954887218045113 0.5175292153589316 0.7142857142857143 0.5041736227045075 0.7305764411027569 0.48914858096828046 0.7468671679197995 0.4741235392320534 0.7744360902255639 0.4607679465776294 0.793233082706767 0.44908180300500833 0.818295739348371 0.44908180300500833 0.8308270676691729 0.4540901502504174 0.8408521303258145 0.4674457429048414 0.8446115288220551 0.49248747913188645 0.8408521303258145 0.5175292153589316 0.8358395989974937 0.5459098497495827 0.8258145363408521 0.5726210350584308 0.8082706766917294 0.6076794657762938 0.8020050125313283 0.6277128547579299 0.8095238095238095 0.6243739565943238 0.8258145363408521 0.6110183639398998 0.8508771929824561 0.5926544240400667 0.8583959899749374 0.5859766277128547 0.8609022556390977 0.5492487479131887 0.8709273182957393 0.5175292153589316 0.8784461152882206 0.4791318864774624 0.8909774436090225 0.4323873121869783 0.8984962406015038 0.39565943238731216 0.9060150375939849 0.36894824707846413 0.9072681704260651 0.32053422370617696 0.9097744360902256 0.29716193656093487 0.9047619047619048 0.27879799666110183 0.8947368421052632 0.25542570951585974 0.8909774436090225 0.2370617696160267 0.8771929824561403 0.2353923205342237 0.8634085213032582 0.2353923205342237 0.8609022556390977 0.2587646076794658 0.8508771929824561 0.28046744574290483 0.8295739348370927 0.2921535893155259 0.8020050125313283 0.3055091819699499 0.7631578947368421 0.32220367278797996 0.7255639097744361 0.333889816360601 0.6754385964912281 0.3606010016694491 0.6416040100250626 0.38564273789649417 0.6027568922305765 0.41736227045075125 0.5526315789473685 0.44908180300500833 0.5200501253132832 0.4774624373956594 0.5739348370927319 0.48414023372287146
5 0.19047619047619047 0.2854757929883139 0.21553884711779447 0.25375626043405675 0.23934837092731828 0.2287145242070117 0.2706766917293233 0.20701168614357263 0.30200501253132833 0.19365609348914858 0.32456140350877194 0.18530884808013356 0.33959899749373434 0.18196994991652754 0.3634085213032581 0.17195325542570952 0.38596491228070173 0.1686143572621035 0.41478696741854637 0.16026711185308848 0.43609022556390975 0.15191986644407346 0.46115288220551376 0.14357262103505844 0.48621553884711777 0.14023372287145242 0.5075187969924813 0.13689482470784642 0.5 0.1302170283806344 0.474937343358396 0.1318864774624374 0.4448621553884712 0.14023372287145242 0.4223057644110276 0.14524207011686144 0.40225563909774437 0.15191986644407346 0.37844611528822053 0.15525876460767946 0.3458646616541353 0.1652754590984975 0.3132832080200501 0.17696160267111852 0.2807017543859649 0.19198664440734559 0.2543859649122807 0.21202003338898165 0.21804511278195488 0.2370617696160267 0.19298245614035087 0.2671118530884808 0.18045112781954886 0.2988313856427379 0.19047619047619047 0.2854757929883139
14 0.9223057644110275 0.20868113522537562 0.9273182957393483 0.21869782971619364 0.9373433583959899 0.22370617696160267 0.9461152882205514 0.22370617696160267 0.9586466165413534 0.2270450751252087 0.9724310776942355 0.2270450751252087 0.9862155388471178 0.2270450751252087 0.9987468671679198 0.22537562604340566 1 0.1652754590984975 0.9912280701754386 0.1636060100166945 0.9711779448621554 0.1636060100166945 0.9611528822055138 0.18196994991652754 0.9548872180451128 0.19198664440734559 0.9461152882205514 0.19532554257095158 0.931077694235589 0.19198664440734559 0.9223057644110275 0.20868113522537562
10 0.17794486215538846 0.34891485809682804 0.17794486215538846 0.4006677796327212 0.17919799498746866 0.44407345575959933 0.18421052631578946 0.5125208681135225 0.19799498746867167 0.5392320534223706 0.22807017543859648 0.5776293823038398 0.24686716791979949 0.6110183639398998 0.2656641604010025 0.6343906510851419 0.2706766917293233 0.6277128547579299 0.2794486215538847 0.5525876460767947 0.29699248120300753 0.48580968280467446 0.3007518796992481 0.46410684474123537 0.30200501253132833 0.44741235392320533 0.29699248120300753 0.4357262103505843 0.18421052631578946 0.32053422370617696 0.17794486215538846 0.34891485809682804
11 0.17167919799498746 0.327212020033389 0.16917293233082706 0.34223706176961605 0.17167919799498746 0.33889816360601 0.17794486215538846 0.31719532554257096 0.18295739348370926 0.3005008347245409 0.18170426065162906 0.29549248747913187 0.17418546365914786 0.3121869782971619 0.17167919799498746 0.327212020033389
14 0.556390977443609 0.06176961602671119 0.550125313283208 0.0651085141903172 0.543859649122807 0.07011686143572621 0.5401002506265664 0.07679465776293823 0.5388471177944862 0.08848080133555926 0.5664160401002506 0.06343906510851419 0.5626566416040101 0.06010016694490818 0.556390977443609 0.06176961602671119