17 0.4405705229793978 0.15481171548117154 0.31695721077654515 0.14853556485355648 0.22820919175911253 0.15481171548117154 0.26782884310618066 0.15690376569037656 0.2868462757527734 0.1694560669456067 0.5039619651347068 0.17154811715481172 0.4405705229793978 0.15481171548117154
8 0.37083993660855785 0.5753138075313807 0.3692551505546751 0.5983263598326359 0.37083993660855785 0.6401673640167364 0.38193343898573695 0.7259414225941423 0.4215530903328051 0.7866108786610879 0.4500792393026941 0.805439330543933 0.4896988906497623 0.797071129707113 0.5277337559429477 0.7698744769874477 0.5150554675118859 0.7531380753138075 0.5071315372424723 0.6799163179916318 0.4849445324881141 0.5836820083682008 0.43740095087163233 0.497907949790795 0.39461172741679873 0.5083682008368201 0.37400950871632327 0.5439330543933054 0.37083993660855785 0.5753138075313807
2 0.11410459587955626 0.44142259414225943 0.11727416798732171 0.4707112970711297 0.12678288431061807 0.5 0.13946117274167988 0.5104602510460251 0.16957210776545167 0.5104602510460251 0.1838351822503962 0.50418410041841 0.18700475435816163 0.5 0.17115689381933438 0.4874476987447699 0.15689381933438987 0.4790794979079498 0.15055467511885895 0.4581589958158996 0.1473851030110935 0.44142259414225943 0.14421553090332806 0.4205020920502092 0.1347068145800317 0.38702928870292885 0.12731114580031694 0.3691306359832636 0.12361331220285261 0.3577405857740586 0.11251980982567353 0.37656903765690375 0.11251980982567353 0.4100418410041841 0.11410459587955626 0.44142259414225943
14 0.31061806656101426 0.2824267782426778 0.3011093502377179 0.2824267782426778 0.2900158478605388 0.2824267782426778 0.2900158478605388 0.27615062761506276 0.2900158478605388 0.2698744769874477 0.28526148969889065 0.2594142259414226 0.27099841521394613 0.25732217573221755 0.25039619651347067 0.25732217573221755 0.2393026941362916 0.2594142259414226 0.23137876386687797 0.2615062761506276 0.2266244057052298 0.26778242677824265 0.22345483359746435 0.27615062761506276 0.2218700475435816 0.29707112970711297 0.23137876386687797 0.3075313807531381 0.2820919175911252 0.3075313807531381 0.32171156893819336 0.3054393305439331 0.3185419968304279 0.2824267782426778 0.31061806656101426 0.2824267782426778
20 0.35340729001584786 0.2719665271966527 0.3676703645007924 0.30962343096234307 0.3803486529318542 0.32217573221757323 0.4326465927099842 0.3200836820083682 0.4865293185419968 0.3158995815899582 0.5467511885895404 0.3075313807531381 0.5942947702060222 0.3054393305439331 0.6339144215530903 0.3075313807531381 0.6481774960380349 0.3075313807531381 0.652931854199683 0.303347280334728 0.6402535657686212 0.28870292887029286 0.6117274167987322 0.25732217573221755 0.5800316957210776 0.22384937238493724 0.5435816164817749 0.19246861924686193 0.5182250396196514 0.1799163179916318 0.312202852614897 0.17364016736401675 0.3328050713153724 0.2217573221757322 0.35340729001584786 0.2719665271966527
10 0.9413629160063391 0.5523012552301255 0.9381933438985737 0.49581589958158995 0.9160063391442155 0.4790794979079498 0.8573692551505546 0.502092050209205 0.8240887480190174 0.5209205020920502 0.7844690966719493 0.5355648535564853 0.8114104595879557 0.6276150627615062 0.9413629160063391 0.5523012552301255
11 0.6370839936608558 0.5962343096234309 0.705229793977813 0.608786610878661 0.7559429477020603 0.604602510460251 0.7194928684627575 0.5271966527196653 0.6370839936608558 0.5209205020920502 0.595879556259905 0.5188284518828452 0.5451664025356577 0.5209205020920502 0.5562599049128367 0.5794979079497908 0.6370839936608558 0.5962343096234309
6 0.5340729001584786 0.7719665271966527 0.6450079239302694 0.801255230125523 0.786053882725832 0.801255230125523 0.8367670364500792 0.7635983263598326 0.9144215530903328 0.700836820083682 0.9413629160063391 0.6799163179916318 0.9492868462757528 0.6736401673640168 0.93026941362916 0.6359832635983264 0.9429477020602218 0.602510460251046 0.9492868462757528 0.5648535564853556 0.9492868462757528 0.5397489539748954 0.93026941362916 0.5606694560669456 0.9049128367670365 0.5774058577405857 0.873217115689382 0.5983263598326359 0.8098256735340729 0.6255230125523012 0.7812995245641838 0.5292887029288703 0.7305863708399366 0.5292887029288703 0.7591125198098256 0.600418410041841 0.7290015847860539 0.606694560669456 0.6751188589540412 0.606694560669456 0.6101426307448494 0.5920502092050209 0.561014263074485 0.5836820083682008 0.5625990491283677 0.6276150627615062 0.5213946117274167 0.6213389121338913 0.49128367670364503 0.606694560669456 0.5166402535657686 0.7552301255230126 0.5340729001584786 0.7719665271966527
12 0.3898573692551506 0.3619246861924686 0.5324881141045958 0.41422594142259417 0.5832012678288431 0.4811715481171548 0.6576862123613312 0.4916317991631799 0.7559429477020603 0.5292887029288703 0.7971473851030111 0.5104602510460251 0.8605388272583201 0.4811715481171548 0.93026941362916 0.45397489539748953 0.919175911251981 0.41422594142259417 0.8763866877971473 0.3786610878661088 0.8145800316957211 0.3472803347280335 0.7258320126782885 0.32217573221757323 0.6545166402535658 0.3054393305439331 0.595879556259905 0.3054393305439331 0.4896988906497623 0.3179916317991632 0.358161648177496 0.32217573221757323 0.3898573692551506 0.3619246861924686
9 0.2218700475435816 0.2803347280334728 0.24088748019017434 0.25732217573221755 0.26148969889064977 0.25732217573221755 0.2836767036450079 0.2594142259414226 0.29160063391442154 0.2803347280334728 0.3153724247226624 0.2824267782426778 0.32171156893819336 0.303347280334728 0.3011093502377179 0.30962343096234307 0.3248811410459588 0.3200836820083682 0.3264659270998415 0.3117154811715481 0.31695721077654515 0.26569037656903766 0.3074484944532488 0.22384937238493724 0.29952456418383516 0.20292887029288703 0.2884310618066561 0.17782426778242677 0.27099841521394613 0.16736401673640167 0.25356576862123614 0.16317991631799164 0.24564183835182252 0.16527196652719664 0.22345483359746435 0.26778242677824265 0.2218700475435816 0.2803347280334728
1 0.19809825673534073 0.4581589958158996 0.19809825673534073 0.4309623430962343 0.196513470681458 0.39539748953974896 0.19809825673534073 0.36401673640167365 0.19809825673534073 0.34309623430962344 0.19809825673534073 0.3305439330543933 0.20126782884310618 0.3138075313807531 0.20602218700475436 0.303347280334728 0.2202852614896989 0.28661087866108786 0.2202852614896989 0.2907949790794979 0.22345483359746435 0.26359832635983266 0.22503961965134706 0.24267782426778242 0.22979397781299524 0.22594142259414227 0.23454833597464342 0.20920502092050208 0.23771790808240886 0.19246861924686193 0.24405705229793978 0.16527196652719664 0.22979397781299524 0.16108786610878661 0.21711568938193343 0.16317991631799164 0.19809825673534073 0.17364016736401675 0.18541996830427893 0.18619246861924685 0.18225039619651348 0.19456066945606695 0.17432646592709986 0.20920502092050208 0.1664025356576862 0.23221757322175732 0.15689381933438987 0.25313807531380755 0.15530903328050713 0.26359832635983266 0.15055467511885895 0.26359832635983266 0.13946117274167988 0.2824267782426778 0.1347068145800317 0.3179916317991632 0.13946117274167988 0.36401673640167365 0.14896988906497624 0.42677824267782427 0.19968304278922344 0.4707112970711297 0.19809825673534073 0.4581589958158996
7 0.33914421553090335 0.32217573221757323 0.3375594294770206 0.301255230125523 0.32805071315372425 0.27405857740585776 0.3232963549920761 0.25313807531380755 0.3153724247226624 0.2301255230125523 0.3090332805071315 0.2112970711297071 0.30269413629160064 0.19456066945606695 0.2931854199683043 0.17154811715481172 0.2805071315372425 0.16527196652719664 0.27258320126782887 0.16108786610878661 0.2630744849445325 0.1589958158995816 0.25039619651347067 0.1589958158995816 0.24564183835182252 0.16108786610878661 0.2393026941362916 0.1799163179916318 0.23454833597464342 0.20292887029288703 0.22820919175911253 0.2301255230125523 0.22345483359746435 0.26569037656903766 0.2202852614896989 0.28870292887029286 0.20602218700475436 0.303347280334728 0.19968304278922344 0.32426778242677823 0.19809825673534073 0.38702928870292885 0.19968304278922344 0.4707112970711297 0.26782884310618066 0.5292887029288703 0.3201267828843106 0.5669456066945606 0.33914421553090335 0.32217573221757323
3 0.21711568938193343 0.2803347280334728 0.22503961965134706 0.23221757322175732 0.23771790808240886 0.1799163179916318 0.2393026941362916 0.1694560669456067 0.22979397781299524 0.16527196652719664 0.21870047543581617 0.16736401673640167 0.20602218700475436 0.17154811715481172 0.18858954041204437 0.18828451882845187 0.18066561014263074 0.19874476987447698 0.16957210776545167 0.22594142259414227 0.16164817749603805 0.2510460251046025 0.1600633914421553 0.26359832635983266 0.20126782884310618 0.2803347280334728 0.21711568938193343 0.2803347280334728
5 0.35340729001584786 0.5397489539748954 0.35974643423137875 0.5125523012552301 0.375594294770206 0.48326359832635984 0.4009508716323296 0.4707112970711297 0.4358161648177496 0.4895397489539749 0.47385103011093505 0.5502092050209205 0.4960380348652932 0.604602510460251 0.5213946117274167 0.6213389121338913 0.5625990491283677 0.6255230125523012 0.561014263074485 0.5857740585774058 0.5562599049128367 0.5669456066945606 0.5515055467511886 0.5167364016736402 0.5419968304278923 0.497907949790795 0.5213946117274167 0.47489539748953974 0.49445324881141045 0.4435146443514644 0.45641838351822506 0.4100418410041841 0.4183835182250396 0.37656903765690375 0.39144215530903326 0.35564853556485354 0.3724247226624406 0.3389121338912134 0.37400950871632327 0.3200836820083682 0.33914421553090335 0.32217573221757323 0.33438985736925514 0.3702928870292887 0.32171156893819336 0.5690376569037657 0.3486529318541997 0.5899581589958159 0.35340729001584786 0.5397489539748954
3 0.15847860538827258 0.2489539748953975 0.1648177496038035 0.23221757322175732 0.17274167987321712 0.2112970711297071 0.18066561014263074 0.19665271966527198 0.18225039619651348 0.18828451882845187 0.1664025356576862 0.2112970711297071 0.15055467511885895 0.2384937238493724 0.1410459587955626 0.25732217573221755 0.1537242472266244 0.2615062761506276 0.15847860538827258 0.2489539748953975
15 0.11568938193343899 0.26359832635983266 0.10935023771790808 0.27615062761506276 0.1045958795562599 0.301255230125523 0.1045958795562599 0.3368200836820084 0.10301109350237718 0.36610878661087864 0.10935023771790808 0.39748953974895396 0.10776545166402536 0.37447698744769875 0.10618066561014262 0.35355648535564854 0.11410459587955626 0.3410041841004184 0.12202852614896989 0.34518828451882844 0.13153724247226625 0.3619246861924686 0.1473851030110935 0.4205020920502092 0.14580031695721077 0.40585774058577406 0.1347068145800317 0.3179916317991632 0.13787638668779714 0.28451882845188287 0.15213946117274169 0.26359832635983266 0.12678288431061807 0.25523012552301255 0.11568938193343899 0.26359832635983266
16 0.3201267828843106 0.5690376569037657 0.27258320126782887 0.5313807531380753 0.21870047543581617 0.4874476987447699 0.18066561014263074 0.4560669456066946 0.1473851030110935 0.42887029288702927 0.15689381933438987 0.4790794979079498 0.23137876386687797 0.5376569037656904 0.3549920760697306 0.6359832635983264 0.3518225039619651 0.5899581589958159 0.3201267828843106 0.5690376569037657