8 0.004796163069544364 1 0.2314148681055156 0.9983974358974359 0.2422062350119904 0.9503205128205128 0.2434052757793765 0.8894230769230769 0.21223021582733814 0.8205128205128205 0.11750599520383694 0.7708333333333334 0 0.7852564102564102 0.004796163069544364 1
2 0.9100719424460432 0.4423076923076923 0.8896882494004796 0.4791666666666667 0.8633093525179856 0.5368589743589743 0.8513189448441247 0.5657051282051282 0.8201438848920863 0.5849358974358975 0.8129496402877698 0.5961538461538461 0.8489208633093526 0.6137820512820513 0.8729016786570744 0.6185897435897436 0.8884892086330936 0.6057692307692307 0.9112709832134293 0.5769230769230769 0.9280575539568345 0.5288461538461539 0.9424460431654677 0.4855769230769231 0.9484412470023981 0.42467948717948717 0.9316546762589928 0.41346153846153844 0.9100719424460432 0.4423076923076923
20 0 0.2980769230769231 0.14268585131894485 0.1794871794871795 0.2637889688249401 0.08814102564102565 0.38848920863309355 0.0016025641025641025 0.09112709832134293 0.004807692307692308 0 0.057692307692307696 0 0.2980769230769231
14 0.3980815347721823 0.34134615384615385 0.38369304556354916 0.3942307692307692 0.3824940047961631 0.453525641025641 0.3932853717026379 0.5160256410256411 0.4244604316546763 0.532051282051282 0.4724220623501199 0.4423076923076923 0.4904076738609113 0.38782051282051283 0.4676258992805755 0.3060897435897436 0.4316546762589928 0.28044871794871795 0.3980815347721823 0.34134615384615385
9 0.5827338129496403 0.009615384615384616 0.5383693045563549 0.003205128205128205 0.5 0.016025641025641024 0.44844124700239807 0.046474358974358976 0.3645083932853717 0.10096153846153846 0.2577937649880096 0.18269230769230768 0.1474820143884892 0.28205128205128205 0.07793764988009592 0.34294871794871795 0.03717026378896882 0.3926282051282051 0.07194244604316546 0.4326923076923077 0.3105515587529976 0.38461538461538464 0.4292565947242206 0.28205128205128205 0.4556354916067146 0.2900641025641026 0.4748201438848921 0.33974358974358976 0.7314148681055156 0.27564102564102566 0.7446043165467626 0.00641025641025641 0.5743405275779376 0.004807692307692308 0.5551558752997602 0.003205128205128205 0.5827338129496403 0.009615384615384616
3 0.7853717026378897 0.25961538461538464 0.9244604316546763 0.22916666666666666 0.9292565947242206 0.1971153846153846 0.9292565947242206 0.10096153846153846 0.9160671462829736 0.03365384615384615 0.8501199040767387 0.003205128205128205 0.7769784172661871 0.003205128205128205 0.7853717026378897 0.25961538461538464
1 0.7601918465227818 0.38461538461538464 0.7314148681055156 0.5400641025641025 0.7062350119904077 0.6378205128205128 0.8537170263788969 0.5608974358974359 0.882494004796163 0.4951923076923077 0.9304556354916067 0.41185897435897434 0.9484412470023981 0.28365384615384615 0.9268585131894485 0.23076923076923078 0.9328537170263789 0.20993589743589744 0.934052757793765 0.10737179487179487 0.9220623501199041 0.028846153846153848 0.9028776978417267 0.011217948717948718 0.8860911270983214 0.003205128205128205 0.7637889688249401 0.003205128205128205 0.7661870503597122 0.1778846153846154 0.762589928057554 0.27884615384615385 0.7601918465227818 0.38461538461538464
7 0.35611510791366907 0.8557692307692307 0.7062350119904077 0.6410256410256411 0.7254196642685852 0.5657051282051282 0.7601918465227818 0.3942307692307692 0.762589928057554 0.28525641025641024 0.7637889688249401 0.21474358974358973 0.7637889688249401 0.0016025641025641025 0.5611510791366906 0.0016025641025641025 0.42206235011990406 0.2419871794871795 0.37889688249400477 0.3125 0.35731414868105515 0.358974358974359 0.3441247002398082 0.3974358974358974 0.35611510791366907 0.8557692307692307
15 0.9484412470023981 0.28685897435897434 0.9412470023980816 0.3333333333333333 0.935251798561151 0.3766025641025641 0.9304556354916067 0.41346153846153844 0.9556354916067147 0.3894230769230769 0.9664268585131894 0.41185897435897434 0.960431654676259 0.45032051282051283 0.9808153477218226 0.3766025641025641 0.9988009592326139 0.32371794871794873 0.9988009592326139 0.23076923076923078 0.9988009592326139 0.1266025641025641 0.9916067146282974 0.10416666666666667 0.9688249400479616 0.22115384615384615 0.9292565947242206 0.23557692307692307 0.9484412470023981 0.28685897435897434
5 0 0.7772435897435898 0.05755395683453238 0.7628205128205128 0.145083932853717 0.7564102564102564 0.23621103117505995 0.7900641025641025 0.27577937649880097 0.8541666666666666 0.27697841726618705 0.9342948717948718 0.3776978417266187 0.8782051282051282 0.381294964028777 0.8461538461538461 0.3597122302158273 0.8525641025641025 0.34532374100719426 0.3942307692307692 0.0815347721822542 0.46314102564102566 0.04316546762589928 0.4375 0.005995203836930456 0.38301282051282054 0.05995203836930456 0.32051282051282054 0.026378896882494004 0.27724358974358976 0.001199040767386091 0.296474358974359 0 0.7772435897435898
16 0.3800959232613909 0.8669871794871795 0.42685851318944845 0.8237179487179487 0.4988009592326139 0.7868589743589743 0.5683453237410072 0.7435897435897436 0.6618705035971223 0.6891025641025641 0.7649880095923262 0.6185897435897436 0.8561151079136691 0.5641025641025641 0.8573141486810552 0.5464743589743589 0.7038369304556354 0.6410256410256411 0.5563549160671463 0.7307692307692307 0.4832134292565947 0.7676282051282052 0.3800959232613909 0.8397435897435898 0.3800959232613909 0.8669871794871795
3 0.9640287769784173 0.21634615384615385 0.9796163069544365 0.16506410256410256 0.9904076738609112 0.11378205128205128 0.9700239808153477 0.07371794871794872 0.9292565947242206 0.03685897435897436 0.9424460431654677 0.22275641025641027 0.9640287769784173 0.21634615384615385