20 0.8834586466165414 0.14166666666666666 0.981203007518797 0.10833333333333334 0.9912280701754386 0.09166666666666666 0.8847117794486216 0.005 0.7230576441102757 0.005 0.8834586466165414 0.14166666666666666
9 0.24812030075187969 0.15666666666666668 0.45112781954887216 0.19 0.4523809523809524 0.15166666666666667 0.4699248120300752 0.135 0.4849624060150376 0.12166666666666667 0.5037593984962406 0.11166666666666666 0.5338345864661654 0.095 0.5576441102756893 0.095 0.5463659147869674 0.005 0.23057644110275688 0.005 0.24812030075187969 0.15666666666666668
9 0.5664160401002506 0.025 0.5739348370927319 0.105 0.5864661654135338 0.11333333333333333 0.6040100250626567 0.12333333333333334 0.6203007518796992 0.13833333333333334 0.6428571428571429 0.15166666666666667 0.656641604010025 0.165 0.6604010025062657 0.18666666666666668 0.6842105263157895 0.19 0.6942355889724311 0.17333333333333334 0.6929824561403509 0.14666666666666667 0.6779448621553885 0.11333333333333333 0.6416040100250626 0.07166666666666667 0.6090225563909775 0.03 0.5701754385964912 0.005 0.5664160401002506 0.025
7 0.19799498746867167 0 0.19799498746867167 0.06 0.20300751879699247 0.10333333333333333 0.20300751879699247 0.14833333333333334 0.20175438596491227 0.17333333333333334 0.19924812030075187 0.20166666666666666 0.20175438596491227 0.22833333333333333 0.20300751879699247 0.25333333333333335 0.20676691729323307 0.2783333333333333 0.21679197994987467 0.3233333333333333 0.22556390977443608 0.355 0.22807017543859648 0.38333333333333336 0.23057644110275688 0.4216666666666667 0.23182957393483708 0.455 0.23684210526315788 0.49166666666666664 0.24436090225563908 0.525 0.24686716791979949 0.5466666666666666 0.24812030075187969 0.5683333333333334 0.24686716791979949 0.5833333333333334 0.6929824561403509 0.7516666666666667 0.6942355889724311 0.72 0.7030075187969925 0.6783333333333333 0.7155388471177945 0.6433333333333333 0.7192982456140351 0.615 0.7368421052631579 0.5833333333333334 0.7393483709273183 0.5416666666666666 0.7481203007518797 0.5166666666666667 0.7531328320802005 0.4816666666666667 0.7581453634085213 0.43166666666666664 0.7619047619047619 0.3883333333333333 0.7644110275689223 0.36333333333333334 0.7669172932330827 0.32166666666666666 0.7706766917293233 0.28 0.7669172932330827 0.255 0.768170426065163 0.24166666666666667 0.7656641604010025 0.20666666666666667 0.7593984962406015 0.16 0.7518796992481203 0.12833333333333333 0.7456140350877193 0.1 0.7055137844611529 0.06 0.6691729323308271 0.028333333333333332 0.6303258145363408 0 0.19799498746867167 0
8 0.9022556390977443 0.5716666666666667 0.8671679197994987 0.59 0.8320802005012531 0.61 0.8107769423558897 0.635 0.7919799498746867 0.6733333333333333 0.7819548872180451 0.7233333333333334 0.7756892230576441 0.7566666666666667 0.7756892230576441 0.81 0.7944862155388471 0.8766666666666667 0.8233082706766918 0.92 0.8558897243107769 0.955 0.8872180451127819 0.975 0.9085213032581454 1 0.9974937343358395 0.9983333333333333 0.9987468671679198 0.555 0.949874686716792 0.5616666666666666 0.9022556390977443 0.5716666666666667
12 0.9987468671679198 0.15833333333333333 0.9974937343358395 0.09333333333333334 0.9611528822055138 0.12333333333333334 0.8984962406015038 0.14833333333333334 0.9987468671679198 0.15833333333333333
16 0.07017543859649122 0.5416666666666666 0.7330827067669173 0.8033333333333333 0.7418546365914787 0.7733333333333333 0.10150375939849623 0.5316666666666666 0.08771929824561403 0.5233333333333333 0.07518796992481203 0.505 0.05012531328320802 0.47333333333333333 0.05137844611528822 0.5083333333333333 0.07017543859649122 0.5416666666666666
5 1 0.16333333333333333 0.8909774436090225 0.15 0.8571428571428571 0.18666666666666668 0.8345864661654135 0.21833333333333332 0.8045112781954887 0.24166666666666667 0.7719298245614035 0.25333333333333335 0.7694235588972431 0.31166666666666665 0.7619047619047619 0.4 0.7568922305764411 0.47 0.7431077694235589 0.535 0.7330827067669173 0.595 0.7218045112781954 0.63 0.7042606516290727 0.6816666666666666 0.6917293233082706 0.755 0.7380952380952381 0.77 0.7857142857142857 0.6366666666666667 0.8533834586466166 0.5766666666666667 0.924812030075188 0.5533333333333333 1 0.5466666666666666 1 0.16333333333333333
1 0 0.005 0.0037593984962406013 0.38166666666666665 0.017543859649122806 0.405 0.03258145363408521 0.4266666666666667 0.040100250626566414 0.43833333333333335 0.046365914786967416 0.465 0.06015037593984962 0.4816666666666667 0.07017543859649122 0.49333333333333335 0.08020050125313283 0.5083333333333333 0.08771929824561403 0.5233333333333333 0.24436090225563908 0.585 0.24561403508771928 0.5633333333333334 0.24561403508771928 0.5316666666666666 0.23433583959899748 0.48333333333333334 0.23057644110275688 0.425 0.22681704260651628 0.38166666666666665 0.21177944862155387 0.30833333333333335 0.20300751879699247 0.26 0.19924812030075187 0.22166666666666668 0.20050125313283207 0.17333333333333334 0.20676691729323307 0.14833333333333334 0.20300751879699247 0.10666666666666667 0.19548872180451127 0.04666666666666667 0.19674185463659147 0.005 0 0.005
3 0.002506265664160401 0.11333333333333333 0.17543859649122806 0.13666666666666666 0.16917293233082706 0.005 0 0 0.002506265664160401 0.11333333333333333
2 0 0.6083333333333333 0.020050125313283207 0.605 0.045112781954887216 0.595 0.06641604010025062 0.5833333333333334 0.07644110275689223 0.5516666666666666 0.05639097744360902 0.54 0.02882205513784461 0.4866666666666667 0 0.43666666666666665 0 0.6083333333333333
14 0.6478696741854637 0.15 0.6365914786967418 0.15666666666666668 0.62531328320802 0.14166666666666666 0.606516290726817 0.125 0.5839598997493735 0.10833333333333334 0.5588972431077694 0.09666666666666666 0.5388471177944862 0.09666666666666666 0.5037593984962406 0.10333333333333333 0.49373433583959897 0.115 0.47619047619047616 0.13 0.4598997493734336 0.155 0.45614035087719296 0.185 0.45864661654135336 0.21166666666666667 0.4674185463659148 0.235 0.4949874686716792 0.24666666666666667 0.5325814536340853 0.255 0.5626566416040101 0.24833333333333332 0.5914786967418546 0.23666666666666666 0.62531328320802 0.21833333333333332 0.631578947368421 0.20166666666666666 0.6516290726817042 0.195 0.6641604010025063 0.19833333333333333 0.6616541353383458 0.18333333333333332 0.6591478696741855 0.16833333333333333 0.6478696741854637 0.15
15 0.006265664160401002 0.41833333333333333 0.05889724310776942 0.54 0.07017543859649122 0.5416666666666666 0.05137844611528822 0.5083333333333333 0.04887218045112782 0.47 0.022556390977443608 0.4116666666666667 0.0037593984962406013 0.38333333333333336 0.006265664160401002 0.41833333333333333