5 0.6587500000000001 1 0.684125 0.9867833328125 0.688975 0.9339166671875001 0.7026375 0.8387333328125001 0.7061625 0.8252166671875001 0.707925 0.8052333328125 0.7198249999999999 0.78115 0.7282 0.7694 0.7348 0.7582333328125 0.7414125 0.7464833328125 0.745375 0.7365 0.7237875 0.7441333328125 0.7295125 0.7188666671874999 0.7321625 0.7053499999999999 0.7282 0.6977166671874999 0.7154125 0.6977166671874999 0.71365 0.6936 0.7180625 0.6853833328125 0.72115 0.6806833328125 0.72335 0.666 0.7163 0.6595333328125 0.717175 0.6513 0.7114499999999999 0.6354333328124999 0.7057249999999999 0.6148833328125 0.7013125 0.6072333328124999 0.6881 0.6043000000000001 0.68105 0.5473166671875 0.6836875 0.5085333328125 0.6717875 0.48385 0.6673875 0.46505 0.672225 0.4491833328125 0.6761999999999999 0.4280333328125 0.6528375 0.4151166671875 0.6272875 0.4239333328125 0.60305 0.4450833328125 0.590275 0.4715166671875 0.575725 0.4621166671875 0.5620625 0.45095 0.5268125 0.4450833328125 0.3809625 0.4915 0.36245 0.5108833328125 0.349225 0.5508333328125 0.36201249999999996 0.5743333328125 0.39990000000000003 0.5837333328125001 0.42722499999999997 0.5772666671875 0.451025 0.5725666671874999 0.490675 0.5584666671875 0.5136000000000001 0.5490666671875 0.5078625 0.5661166671875 0.4704125 0.5772666671875 0.43956249999999997 0.5890166671875 0.43118749999999995 0.6084166671875 0.44132499999999997 0.6201666671875 0.451025 0.6166333328125 0.46116250000000003 0.6207499999999999 0.48186249999999997 0.6377833328125 0.48186249999999997 0.6495333328124999 0.477025 0.6677500000000001 0.45454999999999995 0.6748000000000001 0.45454999999999995 0.7071166671875 0.43823749999999995 0.7365 0.429425 0.8023 0.4338375 0.83285 0.44485 0.8651666671875 0.4576375 0.8869 0.519325 0.8504833328125001 0.5325375 0.8457833328125 0.547525 0.9350833328125001 0.618025 0.87515 0.618025 0.9027666671875 0.615825 0.9262666671875 0.6268374999999999 0.9597666671875 0.6355125 1 0.6587500000000001 1
5 0.3944875 0.75935 0.3944875 0.7575833328125 0.39316249999999997 0.7464333328125 0.3706875 0.7105833328125 0.350425 0.6976666671875 0.34028749999999997 0.7035333328125 0.3482125 0.7194 0.378625 0.7558333328125 0.3944875 0.75935
5 0.383125 0.6136 0.383125 0.6047833328125 0.36953749999999996 0.5808 0.3508125 0.5768833328125 0.339425 0.5861833328125 0.3273125 0.60185 0.318125 0.6106666671875 0.2931625 0.6145833328125 0.271125 0.6199666671874999 0.270025 0.6287833328125 0.26892499999999997 0.6424833328124999 0.2781 0.6557166671875 0.317025 0.6606 0.3397875 0.6571833328125 0.383125 0.6136
5 0.3498875 0.7898333328125 0.3382625 0.7894166671875 0.32571249999999996 0.7894166671875 0.2929625 0.79145 0.2941875 0.8106333328125 0.30398749999999997 0.81145 0.3449875 0.7996166671875 0.3498875 0.7898333328125
5 0.7026375 0.3912 0.7039625 0.3712166671875 0.6933874999999999 0.31011666718750003 0.6814875 0.29425 0.6638625 0.29485 0.6334500000000001 0.3024833328125 0.5867875 0.33515 0.5867875 0.34336666718750003 0.5978 0.3457166671875 0.6220375 0.3451333328125 0.6295375 0.3474833328125 0.622475 0.35395 0.606175 0.36628333281250003 0.6017750000000001 0.38098333281249996 0.59825 0.3839166671875 0.5894375000000001 0.39508333281249997 0.5947250000000001 0.40564999999999996 0.5986875 0.4068333328125 0.60265 0.40800000000000003 0.6198375 0.40800000000000003 0.6321749999999999 0.40976666718750004 0.6506875 0.40153333281250003 0.6590499999999999 0.39918333281249996 0.66655 0.3997833328125 0.6727125 0.3997833328125 0.6921 0.40095000000000003 0.7026375 0.3912
5 0.42017499999999997 0.9093333328125001 0.415775 0.9054166671875 0.4091625 0.9058999999999999 0.398875 0.9122666671875 0.37243750000000003 0.9289166671875 0.35481250000000003 0.9338166671874999 0.3258 0.9338166671874999 0.296425 0.9387166671875 0.2766 0.9475166671874999 0.27218749999999997 0.9622166671875 0.2850375 0.9847333328125 0.294225 0.9901166671875 0.31001249999999997 0.9955 0.3236 0.99795 0.346 0.9945333328125001 0.3595875 0.9857166671875 0.372075 0.9710166671874999 0.38344999999999996 0.9504666671875001 0.4124625 0.925 0.42017499999999997 0.9093333328125001
2 0.709875 0.5639000000000001 0.7136750000000001 0.5419166671875 0.7276374999999999 0.5097666671875001 0.7422375 0.4742166671875 0.750475 0.44800000000000006 0.7492125 0.4327666671875 0.7454 0.40991666718750003 0.7251000000000001 0.3989166671875 0.7155750000000001 0.4014666671875 0.69845 0.4133 0.680675 0.42008333281250004 0.6641874999999999 0.426 0.6534 0.4310833328125 0.6432375 0.44885 0.6381625 0.4683 0.6388 0.5089166671875 0.64515 0.5622166671875 0.6679875 0.6146666671875 0.693375 0.6375166671875 0.7086 0.6366666671875 0.709875 0.5639000000000001
5 0.3101 0.82165 0.29695 0.8208333328125 0.27185000000000004 0.8134833328125 0.2672625 0.8175666671874999 0.267875 0.8310333328124999 0.3116375 0.8343 0.3101 0.82165
3 0.6801999999999999 0.2870333328125 0.7962374999999999 0.24933333281249997 0.8549875 0.22338333281249997 0.8627 0.2042833328125 0.855725 0.2042833328125 0.795875 0.22679999999999997 0.66845 0.2889833328125 0.6801999999999999 0.2870333328125
7 0.5562 0.5484833328125001 0.5595625 0.5399166671875 0.5635375 0.5223666671875 0.5656875 0.5052333328125 0.56385 0.4840166671875 0.5721125 0.48034999999999994 0.5693625 0.46646666718749996 0.562925 0.4587166671875 0.5562 0.4566833328125 0.5488500000000001 0.4583166671875 0.5467125 0.4624 0.544875 0.4644333328125 0.539675 0.47505 0.5393625 0.48564999999999997 0.5393625 0.50115 0.544575 0.5154333328125 0.5531375 0.5525666671875 0.5562 0.5484833328125001
7 0.23671250000000002 0.5765833328125 0.332925 0.5653333328125 0.33218749999999997 0.5207666671875 0.24002500000000002 0.54035 0.23671250000000002 0.5765833328125