3 0.1805024515625 0.09142156875 0.17364583281249998 0.11781862812499999 0.1728860296875 0.1259395421875 0.42035539218749995 0.13609477187500002 0.6602144609375 0.154370915625 0.712757353125 0.1523366015625 0.3168014703125 0.1127450984375 0.1805024515625 0.09142156875
7 0.156335784375 0.259117646875 0.10186274531249999 0.2456535953125 0.0942156859375 0.2623856203125 0.15296568593749998 0.27217320312500004 0.156335784375 0.259117646875
5 0.3803492640625 0.19970588281249999 0.3705759796875 0.19517156875 0.3659007359375 0.2070751640625 0.3705759796875 0.2164297390625 0.3803492640625 0.19970588281249999
5 0.26436274531250004 0.22917483593750002 0.2630882359375 0.2260620921875 0.25947916718749997 0.224076796875 0.2562928921875 0.22492647031250002 0.2509803921875 0.2308741828125 0.24863970625 0.23598039218750003 0.24800245156249998 0.240792484375 0.2571384796875 0.245326796875 0.2639399515625 0.23314542500000002 0.26436274531250004 0.22917483593750002
5 0.175569853125 0.6499264703125001 0.1951348046875 0.6654411765625 0.25435661718749997 0.679542484375 0.249068628125 0.66896241875 0.1813848046875 0.6435866015625 0.175569853125 0.6499264703125001
5 0.335226715625 0.45210784375 0.3220098046875 0.44084967343750003 0.3128247546875 0.4305718953125 0.306587009375 0.4305718953125 0.28418504843750003 0.43252450937500003 0.2838174015625 0.443300653125 0.28418504843750003 0.45210784375 0.29813725468749996 0.45308823593750003 0.321274509375 0.450645425 0.310631128125 0.56849673125 0.306188725 0.5828839875 0.26113970625 0.5591911765625001 0.255428921875 0.547344771875 0.2547916671875 0.54396241875 0.23448529375 0.5575 0.191335784375 0.5490359484375 0.184993871875 0.5558088234375 0.27382965625 0.5921895421875 0.310631128125 0.61926470625 0.325226715625 0.6344934640625 0.3290318625 0.6522549015625 0.3303002453125 0.6624101312499999 0.3150735296875 0.6683333328125001 0.315710784375 0.6776388890625 0.33537990156249997 0.68525326875 0.3327144609375 0.704542484375 0.3707843140625 0.7189297390625 0.3758639703125 0.7028513078125 0.37713235312500004 0.692696078125 0.35809436250000004 0.67831699375 0.34857843125 0.6427777781249999 0.36 0.6080964046874999 0.3555575984375 0.606397059375 0.340962009375 0.60555555625 0.34109068593749997 0.5955718953125 0.3379166671875 0.5558088234375 0.335226715625 0.45210784375
5 0.663694853125 0.342173203125 0.6211764703125 0.3447140515625 0.5723161765625 0.34978758125 0.541225490625 0.3641748359375 0.5190134796875 0.3734803921875 0.4784068625 0.3836356203125 0.45195465625000003 0.3845179734375 0.450196078125 0.36865196093749997 0.4475490203125 0.3639542484375 0.44270220625 0.3639542484375 0.4184681375 0.3574918296875 0.3999571078125 0.3551388890625 0.376164215625 0.3504411765625 0.3532475484375 0.32458333281249996 0.310508578125 0.2905065359375 0.30477941249999996 0.3016748359375 0.29860906875 0.322826796875 0.2928799015625 0.3516094765625 0.2928799015625 0.36512254843749997 0.30301470625000004 0.376879084375 0.3118259796875 0.386274509375 0.319319853125 0.39039215625 0.37264093125 0.4044934640625 0.3752818625 0.41213235312499996 0.3534007359375 0.4327042484375 0.3572058828125 0.4411683 0.3870343140625 0.424248365625 0.4200306375 0.421707515625 0.47205882343749994 0.42085784375 0.5520098046874999 0.41747549062499995 0.6053124999999999 0.405629084375 0.6471936281249999 0.3954820265625 0.6770159312499999 0.3895588234375 0.6966911765625 0.3895588234375 0.708743871875 0.39209150312499996 0.722071078125 0.39209150312499996 0.7309558828125 0.3794035953125 0.734123775 0.3709395421875 0.7322242640625001 0.35994281093749997 0.705569853125 0.342173203125 0.663694853125 0.342173203125
3 0.885251225 0 0.8300674015625 0.10012254843749999 0.7906004906249999 0.194542484375 0.7569730390625 0.2994526140625 0.7296875 0.39758986875 0.7287316171875 0.444632353125 0.7836213234375 0.3063888890625 0.8691605390625 0.0826879078125 0.9014950984375 0 0.885251225 0
7 0.3655575984375 0.695155228125 0.3674693625 0.6917320265625 0.36875612812499997 0.6908986921875 0.369381128125 0.6883496734375 0.3757291671875 0.656233659375 0.38079656875 0.6418382359375 0.3827083328125 0.6224019609375 0.3846200984375 0.6012500000000001 0.3998223046875 0.55047385625 0.4556740203125 0.413382353125 0.43918504843750006 0.4150980390625 0.42593137187499996 0.44569444375 0.39295343125 0.54724673125 0.36820465625 0.5966013078125 0.361225490625 0.6014950984375 0.346537990625 0.6166748359375 0.34360294062499996 0.6357679734375 0.346537990625 0.654370915625 0.348743871875 0.672001634375 0.35204656875 0.69353758125 0.3655575984375 0.695155228125
5 0.4320955875 0.6323366015625 0.4346691171875 0.6103104578125 0.43173406875 0.5799509796875 0.421813725 0.552042484375 0.40969975468750003 0.5554656859375 0.3847303921875 0.567222221875 0.39610906875 0.638210784375 0.4320955875 0.6323366015625
7 0.668069853125 0.5309313718750001 0.6833026953125 0.517393790625 0.6991605390625 0.49709150312499994 0.7188357843750001 0.45816993437500003 0.716930146875 0.4234803921875 0.7118566171875 0.41502450937499996 0.7029718140625 0.41333333281250006 0.6890134796875 0.4192565359375 0.645226715625 0.42517156875 0.6090563718750001 0.42263888906249997 0.584944853125 0.43363562031249997 0.584944853125 0.4598611109375 0.57289215625 0.50047385625 0.5684497546875 0.5131617640624999 0.539258578125 0.5774673203125 0.4916666671875 0.6282271234375 0.668069853125 0.5309313718750001