2 0.8716875 0.6982541046875 0.8818374999999999 0.6789541921875 0.8907187499999999 0.6666724281249999 0.9008687500000001 0.6526361281249999 0.9008687500000001 0.6403630078125 0.9008687500000001 0.62281763125 0.8907187499999999 0.5912359546875 0.87803125 0.5754451171875 0.85773125 0.552636128125 0.8615375000000001 0.50878133125 0.87295625 0.42632670624999996 0.87041875 0.3877268796875 0.86280625 0.37369057968749997 0.85011875 0.368426965625 0.8171375 0.361408815625 0.78541875 0.34210890156249996 0.734675 0.2947450296875 0.71564375 0.254390665625 0.69408125 0.22106309375 0.6509437499999999 0.1842178046875 0.6319125 0.170181503125 0.5799000000000001 0.150881590625 0.5177375 0.150881590625 0.48095 0.150881590625 0.47206875000000004 0.15439066562499998 0.45430624999999997 0.170181503125 0.43908125 0.1859723421875 0.41117499999999996 0.20527225625 0.39721875 0.2315903203125 0.3832625 0.266672428125 0.3781875 0.2929904921875 0.37945625 0.30702679375 0.39721875 0.3350993953125 0.41117499999999996 0.33860847031249997 0.44669375 0.356145203125 0.510125 0.42106309375000006 0.5025125 0.461408815625 0.49363124999999997 0.52106309375 0.49363124999999997 0.556145203125 0.49997499999999995 0.6000086437500001 0.520275 0.6350993953125 0.53169375 0.649127053125 0.5558 0.6754451171875 0.57609375 0.6964995671875001 0.615425 0.72457216875 0.63445 0.7421089015625 0.67124375 0.770181503125 0.69535 0.7982541046875 0.72325625 0.8350993953125 0.7410187500000001 0.8350993953125 0.8716875 0.6982541046875
3 0.7958000000000001 0.71885911875 0.7864187499999999 0.654701815625 0.7864187499999999 0.6384874671875 0.78285 0.6222731203125 0.77724375 0.60535004375 0.77010625 0.5686862578125 0.7665375 0.49677614531250003 0.7667437500000001 0.43839239374999994 0.7696500000000001 0.290259290625 0.78376875 0.1048314609375 0.7827 0.1048314609375 0.7731125 0.1797839234375 0.75634375 0.3300950734375 0.75129375 0.488738115625 0.7581249999999999 0.613249784375 0.77648125 0.716179775 0.7958000000000001 0.71885911875
5 0.7360875 0.4493949875 0.7316 0.363388071875 0.7233375 0.36502160781250004 0.7262875 0.44090751875 0.7360875 0.4493949875
5 0.7157 0.3126707 0.7165812500000001 0.308591184375 0.71599375 0.3036905796875 0.71275 0.2996110625 0.7030125 0.2996110625 0.70714375 0.317977528125 0.7157 0.3126707
5 0.49063749999999995 0.2175626625 0.46673749999999997 0.22450302500000002 0.46703124999999995 0.233474503125 0.49152500000000005 0.2293949875 0.49063749999999995 0.2175626625
5 0.47795 0.2865168546875 0.4729375 0.28407087343750004 0.47028125000000004 0.2893690578125 0.47028125000000004 0.2922299046875 0.4770625 0.2946758859375 0.4817875 0.292636128125 0.47795 0.2865168546875
5 0 0.56069144375 0.02778125 0.6717891093749999 0.02693125 0.7223163359375 0.02905625 0.731719965625 0.029906250000000002 0.74993085625 0.029906250000000002 0.7652031109374999 0.03500625 0.77930855625 0.03500625 0.7822471906249999 0.042225 0.7863612796874999 0.0864125 0.790466725 0.132725 0.78694900625 0.13315 0.7816594640625001 0.128475 0.752869490625 0.124225 0.7446413140625 0.1187 0.731719965625 0.11743125000000001 0.7252549703125 0.11148125 0.7158513390625 0.11360624999999999 0.6941140875 0.120825 0.681184096875 0.35238125 0.691175453125 0.6497875 0.729956784375 0.7891375 0.7229040624999999 0.82525625 0.7158513390625 0.8694375000000001 0.7011668109375 0.8826124999999999 0.6876490921875 0.88728125 0.6635609328125 0.88643125 0.6500518578125 0.8809125 0.6253759718749999 0.8651937500000001 0.6012791703125 0.8413999999999999 0.578366465625 0.82440625 0.56603284375 0.81038125 0.5425324109375 0.78234375 0.523137425 0.7543 0.5096283484375 0.73390625 0.5025756265625 0.69056875 0.49904926562499996 0.66168125 0.4890665515625 0.62641875 0.48789109843749995 0.58860625 0.49904926562499996 0.57458125 0.5096283484375 0.53379375 0.524312878125 0.49938125 0.5331287812500001 0.4764375 0.5272515125 0 0.530726015625 0 0.56069144375
4 0 0.718582540625 0.8190500000000001 0.7660328437499999 0.8129312499999999 0.7089196203125 0.70535625 0.692705271875 0.265875 0.6814261015625 0.0007624999999999999 0.6687294734375 0 0.669818496875 0 0.718582540625
5 0.6292500000000001 0.4133707859375 0.63101875 0.3864390671875 0.6278312500000001 0.3668539328125 0.6324375 0.36490060468749996 0.63986875 0.3585306828125 0.63526875 0.35167675 0.63314375 0.34971477968750003 0.6260625 0.3433535 0.6221687499999999 0.3306222984375 0.6193375 0.31495246250000003 0.61013125 0.3090838375 0.6062375 0.31495246250000003 0.6062375 0.3208297328125 0.60694375 0.3301296453125 0.61260625 0.3585306828125 0.61119375 0.3786084703125 0.61013125 0.3835004328125 0.5796812499999999 0.382031115625 0.57508125 0.3864390671875 0.574725 0.3962316328125 0.5772062499999999 0.40847018124999995 0.5895937499999999 0.41238547968750006 0.60446875 0.4094554890625 0.61366875 0.405531546875 0.6172125 0.403085565625 0.6193375 0.41091616249999996 0.6292500000000001 0.4133707859375
5 0.55454375 0.2711322390625 0.5539562499999999 0.26420051875 0.549825 0.25726015625 0.5454 0.2556266203125 0.5386124999999999 0.25522039687500003 0.52858125 0.25848746718750004 0.5247437500000001 0.2637942953125 0.52621875 0.2699135703125 0.53684375 0.2780726015625 0.54245 0.277666378125 0.54510625 0.2780726015625 0.55454375 0.2711322390625
4 1 0.510872946875 0.8056125 0.5091356953124999 0.67848125 0.4978046671875 0.49738125 0.5015211749999999 0.013506250000000001 0.5025410546875 0.00953125 0.5088850468749999 0.01173125 0.515989628125 0.01173125 0.5373120140625 0.035225 0.5342696625000001 0.29653125 0.5404407953125 0.6502749999999999 0.53985306875 1 0.5524373375 1 0.510872946875