5 0.510952940625 0.49772128125000004 0.5411117640625001 0.49941619531250003 0.5498235296875 0.5004425609375 0.56256470625 0.503502825 0.6876764703125 0.477316384375 0.68533529375 0.47187382343750006 0.6420058828124999 0.48003766406250004 0.6069588234375 0.48649717499999995 0.5561941171875 0.4940489640625 0.553647059375 0.48894538593750003 0.514352940625 0.49200565 0.510952940625 0.49772128125000004
5 0.41127647031250003 0.5314595109375 0.4272588234375 0.5302730703125 0.4240588234375 0.5261487765624999 0.4101705875 0.5273258000000001 0.41127647031250003 0.5314595109375
5 0.423652940625 0.50272128125 0.4217411765625 0.49591337031249993 0.4166411765625 0.488097928125 0.41133529375 0.48469868125 0.4089941171875 0.48469868125 0.4066588234375 0.49625235468750006 0.40325882343749997 0.5050941625 0.4026235296875 0.5095197734375 0.4310882359375 0.51665725 0.4259882359375 0.5071374765625001 0.423652940625 0.50272128125
5 0.382117646875 0.6737193968749999 0.38696470625 0.6737193968749999 0.3940117640625 0.6730131828125 0.4041411765625 0.6687853109375 0.40898235312500003 0.665263653125 0.4164705875 0.66032015 0.42836470625 0.6532768359375 0.4345294125 0.6539830515625 0.46051764687499996 0.6490395484375 0.48121764687499996 0.6441054609375 0.46800588281250005 0.608860640625 0.447747059375 0.5503389828125 0.44598235312499995 0.553154425 0.44334117656250005 0.5552730703125001 0.4649235296875 0.6166101687500001 0.44906470625 0.6229566859375 0.423517646875 0.637062146875 0.3834411765625 0.66737288125 0.382117646875 0.6737193968749999
5 0.5563411765625 0.6117231640624999 0.59946470625 0.59778719375 0.6039235296875 0.59336158125 0.6037117640624999 0.5865630890625 0.604347059375 0.5797645953125 0.611147059375 0.573305084375 0.5911764703125 0.574322034375 0.558682353125 0.5821468921874999 0.5331882359375 0.5865630890625 0.5155588234375 0.59030131875 0.4966588234375 0.5967608281250001 0.489647059375 0.6076459515625 0.49134705937499995 0.614783428125 0.49410588281249995 0.630423728125 0.4966588234375 0.634849340625 0.5055764703125 0.6385875703125 0.51513529375 0.63654425625 0.5563411765625 0.6117231640624999
5 0.8551588234375 0.5155932203125 0.8551588234375 0.5038418078125 0.8536294124999999 0.49258003749999996 0.8508764703124999 0.48278719375 0.845982353125 0.477890771875 0.8426176468750001 0.47152542343750004 0.8423117640625 0.47348399218750004 0.8413941171875001 0.47642184531250004 0.8413941171875001 0.48474576249999995 0.8426176468750001 0.49698681718750004 0.8435352937499999 0.5058003765625 0.8462882359374999 0.51412429375 0.8484294125 0.5185310734375 0.8551588234375 0.5155932203125
5 0.097952940625 0.732824859375 0.11823529375 0.722984934375 0.11688235312499999 0.7168926546875001 0.0988117640625 0.7263371000000001 0.097952940625 0.732824859375
2 0.6132941171875 0.6220903953125 0.6059882359375 0.57530131875 0.575852940625 0.535828625 0.554847059375 0.5153672312500001 0.5320117640625 0.4963559328125 0.513747059375 0.4817325796875 0.48543529375 0.47003766406249997 0.454382353125 0.47003766406249997 0.45255294062500007 0.49489642187499994 0.454382353125 0.5212146890625 0.5073529406249999 0.6308568734375 0.5237941171875 0.67179849375 0.5320117640625 0.68788135625 0.5904647062499999 0.7039548015625 0.6087294125 0.667410546875 0.6132941171875 0.6220903953125
2 0.9639176468749999 0.5346610171874999 0.9703117640625001 0.5112711859375 0.9849235296875 0.4615630890625 0.9977117640625 0.41039547968749995 0.995882353125 0.3387570625 0.98766470625 0.2934369109375 0.9748764703124999 0.26711864375 0.9694 0.25542372812499997 0.9438235296874999 0.23495291875 0.913682353125 0.20132768437499998 0.8981588234375 0.194020715625 0.8890235296875 0.2042561203125 0.8625411765625 0.2291054609375 0.840617646875 0.2744256125 0.8296588234375 0.3065913375 0.8260058828125001 0.32998116718750004 0.82326470625 0.3621468921875 0.826917646875 0.40016007499999995 0.82783529375 0.4381732578125 0.8287470593749999 0.47179849375 0.8250941171875 0.53320150625 0.8168764703125 0.5785216578125 0.7958705875 0.6443126171875 0.783082353125 0.70278719375 0.8433588234375 0.7247175140625 0.851582353125 0.7130225984375 0.9639176468749999 0.5346610171874999
2 0.7243411765625 0.370508475 0.731952940625 0.3449152546875 0.727382353125 0.2913182671875 0.7114 0.21943502812500001 0.6992235296875 0.1780131828125 0.6779117640625001 0.1341525421875 0.6626941171875 0.121967984375 0.6512764703125 0.13536723125 0.6398588234375 0.17313559375 0.6337705875 0.2109039546875 0.6398588234375 0.3290772125 0.6581235296875 0.3851224109375 0.6786764703125 0.3948681734375 0.7243411765625 0.370508475
5 0.1866588234375 0.9114030124999999 0.24935882343750002 0.869783428125 0.2447705875 0.8550941625 0.184517646875 0.9025894531249999 0.1866588234375 0.9114030124999999
5 0.46559999999999996 0.8827401125 0.4735705875 0.8750847453124999 0.48896470625 0.861487759375 0.49374705937499996 0.8572316390625 0.494452940625 0.8674387953125 0.49746470625 0.8688512234375001 0.5096764703125001 0.861487759375 0.51056470625 0.8552542375 0.5176411765625 0.8493032015624999 0.53463529375 0.8453389828125 0.5466705875 0.8399529187500001 0.553752940625 0.833154425 0.5555235296875 0.8288983046875 0.55693529375 0.8169962328124999 0.5364058828125 0.767984934375 0.5360529406250001 0.77138418125 0.5360529406250001 0.7801694921875 0.5364058828125 0.78753295625 0.53516470625 0.792062146875 0.530917646875 0.79320150625 0.5273764703125 0.7946139359375 0.5233058828125 0.7940489640624999 0.520117646875 0.7923540484375 0.51286470625 0.7968832390625 0.5204764703125 0.8093502828125001 0.51746470625 0.8144538609374999 0.5096764703125001 0.8263465156249999 0.500647059375 0.82663841875 0.49480588281250004 0.8328719390625 0.48666470625 0.8447645953125 0.4818882359375 0.8504331453124999 0.474982353125 0.8580885125 0.44382941249999996 0.8929378531250001 0.46347647031249994 0.887834275 0.46559999999999996 0.8827401125
5 0.6339411765625 0.9074387953124999 0.643852940625 0.9009792843750001 0.6589 0.8868832390625 0.672482353125 0.8692561203125001 0.68973529375 0.8522128062500001 0.7282705875000001 0.8099152546875 0.7668117640625 0.768192090625 0.8170941171875 0.71062146875 0.8145294125 0.7100282484375 0.804982353125 0.7141431265625 0.787 0.735885121875 0.768282353125 0.753512240625 0.75873529375 0.76055555625 0.7436882359375 0.78288135625 0.7271705875000001 0.7987476453125 0.6926705875 0.8316478343749999 0.668447059375 0.8545668546874999 0.6493588234375001 0.8804143124999999 0.6368823531250001 0.8898210921875 0.6339411765625 0.9074387953124999
5 0.5768 0.799548021875 0.574247059375 0.7934274953125 0.5678764703125 0.7835687375 0.56426470625 0.7750659140625 0.5612941171875 0.747523540625 0.5695764703124999 0.7325612046875001 0.5761588234375 0.7199811671874999 0.5680882359375 0.6924387953125 0.5532235296875 0.6975423734375 0.5415411765625 0.7033239171875 0.5364411765625 0.709783428125 0.53686470625 0.7301883234375001 0.5678764703125 0.8172316390625 0.5683 0.8114500937500001 0.5712764703125 0.8158662906249999 0.5785 0.82912429375 0.582747059375 0.823352165625 0.5812588234375 0.8083898312500001 0.5768 0.799548021875
5 0.636282353125 0.8486346515625 0.6506588234375 0.83737288125 0.6940882359375 0.799180790625 0.7421117640625 0.7516854984375 0.8194941171875 0.6865630890625 0.827447059375 0.6689453859375 0.8265294125 0.66453860625 0.7821764703125 0.7022316390625 0.754652940625 0.7232862531250001 0.7262058828125 0.756092278125 0.6953117640625 0.781553671875 0.65646470625 0.8177871937500001 0.636282353125 0.8403107343749999 0.636282353125 0.8486346515625
5 0.5815411765625 0.8915160078125 0.5672058828125001 0.854114878125 0.5585294125 0.8572316390625 0.5507411765625 0.8617702453125 0.5489705875 0.86488700625 0.5457882359374999 0.8756497171875001 0.5461411765624999 0.8821657249999999 0.5489705875 0.8841525421875 0.55233529375 0.8830225984375 0.5583529406250001 0.880470809375 0.5601235296875 0.8748022593749999 0.5634882359375 0.8714030125000001 0.5656117640625 0.8699811671875001 0.57003529375 0.8767890765624999 0.576052940625 0.887834275 0.545252940625 0.9102165718749999 0.5463176468750001 0.916741996875 0.5489705875 0.9178719390625 0.5748176468749999 0.89520715625 0.5815411765625 0.8915160078125