5 1 0.3996369921875 0.960275 0.398133103125 0.9284625 0.40236819375 0.87768125 0.41675021562500003 0.8587187500000001 0.418444253125 0.81528125 0.4302852203125 0.7963125 0.43452031093750004 0.7541 0.45482281718750006 0.7210625 0.45143474531249994 0.71555625 0.44466724218750003 0.7008687499999999 0.44382022499999996 0.68313125 0.4522817625 0.6653875 0.47681936093750005 0.666 0.49458945625000006 0.6629375 0.5131979249999999 0.6592687500000001 0.5225064828125 0.64641875 0.530121003125 0.63846875 0.5377355234375 0.61460625 0.559732065625 0.6109375 0.5817286078125 0.5993125 0.599498703125 0.59013125 0.60626620625 0.5956375 0.6265687125 0.5993125 0.641797753125 0.6011437500000001 0.656179775 0.60298125 0.6680293859375 0.61705625 0.6857908390625 0.7131062499999999 0.5512705265625 0.74491875 0.5225064828125 0.7987625 0.4920484015625 0.8587187500000001 0.47851339687500005 0.9743499999999999 0.4759723421875 1 0.48255834062499997 1 0.3996369921875
5 0.16900625 0.7897925671875 0.31736875000000003 0.8045980984375 0.32348750000000004 0.8222212624999999 0.3352125 0.826456353125 0.34846875 0.8151685390625 0.35866875 0.7982541046875 0.35866875 0.7848573890625 0.3913 0.7834485734375 0.42596875 0.78273984375 0.43565 0.7721607609375 0.4361625 0.7559464124999999 0.434125 0.754537596875 0.40302499999999997 0.7531287812499999 0.33674375 0.760181503125 0.28728750000000003 0.7658167671875 0.180225 0.76229040625 0.16900625 0.7897925671875
5 0.35764999999999997 0.7068020749999999 0.3377625 0.687061365625 0.31074375 0.676490925 0.29595625000000003 0.6743733796875 0.1924625 0.67366465 0.0033125000000000003 0.66168539375 0.0028 0.6948228171874999 0.00535 0.7053932578125 0.1108875 0.7053932578125 0.1302625 0.719498703125 0.16951875 0.7293690578125 0.20877500000000002 0.735004321875 0.2704625 0.740648228125 0.27556250000000004 0.7484010375000001 0.3336875 0.746292134375 0.35764999999999997 0.7068020749999999
5 0 0.4175799484375 0.13505 0.4483318921875 0.1368125 0.47269662968750004 0.31213125 0.4812273125 0.31037499999999996 0.380121003125 0.29275 0.3545203109375 0.263675 0.33503025000000003 0.2284375 0.3191875546875 0.1958375 0.3191875546875 0.15971875 0.316750215625 0.1006875 0.311875540625 0.0725 0.29969749375 0.035493750000000004 0.287510803125 0.00818125 0.29116681093749996 0 0.30572169374999997 0 0.4175799484375
5 0.4595375 0.407821953125 0.5622125 0.40618841874999995 0.5583812499999999 0.3894554890625 0.4613125 0.3939498703125 0.4595375 0.407821953125
5 0.97674375 0.238582540625 0.86968125 0.2407000859375 0.8701874999999999 0.2576231640625 0.9548187499999999 0.26396715625 0.97674375 0.238582540625
5 0 0.24990492656250002 0.28436249999999996 0.24425237656249998 0.28365625 0.2212445984375 0 0.22759723437499998 0 0.24990492656250002
5 0.41525625 0.464088159375 0.43945 0.47061365625 0.5763499999999999 0.47796024218750005 0.58195625 0.4730596375 0.592575 0.4461279171875 0.42026874999999997 0.4555142609375 0.41525625 0.464088159375
5 0.45924375 0.1735782203125 0.445375 0.16011235937499999 0.42649375 0.1503197921875 0.39521875 0.131555746875 0.37545 0.12420916093750001 0.359225 0.12053586875 0.31024375000000004 0.13032843593750001 0.31024375000000004 0.13440795156250002 0.31260625000000003 0.136447709375 0.3332625 0.13440795156250002 0.3509625 0.13236819375 0.3630625 0.1319619703125 0.37161875 0.1327744171875 0.38990625 0.1380812453125 0.42059375 0.158893690625 0.45363749999999997 0.17602420000000002 0.45924375 0.1735782203125
5 0.58645625 0.8487467593750001 0.58645625 0.8586084703125 0.58375625 0.8650648234375 0.57613125 0.8745894562500001 0.5699875 0.8718668968750001 0.5687562500000001 0.86541054375 0.5690000000000001 0.8443301640625 0.5623625 0.8365082109375 0.5599062499999999 0.83480553125 0.55474375 0.8351426109375 0.5503125 0.8395678484375001 0.5481 0.8463699218749999 0.5481 0.8548660328125001 0.54711875 0.8616681078124999 0.54121875 0.8671045812499999 0.5417125 0.8722039765625 0.5490875 0.8793517718749999 0.55744375 0.8817286078125001 0.58498125 0.8834312875 0.585475 0.874243734375 0.59703125 0.813388071875 0.59605 0.808962834375 0.59285 0.8055661187500001 0.5906374999999999 0.8059031984375 0.58424375 0.8106655140625 0.58006875 0.8188245468750001 0.5773625 0.8259637 0.579575 0.84160760625 0.58645625 0.8487467593750001
2 0.41233125 0.3678738109375 0.418675 0.32694036249999997 0.41656250000000006 0.305004321875 0.40599375000000004 0.2713828875 0.389075 0.255298184375 0.3415 0.227519446875 0.2823 0.21582541093750002 0.21675 0.21874675937500002 0.1670625 0.2406828 0.14803125 0.2713828875 0.132175 0.29331028593749997 0.1554375 0.3488677609375 0.19349375 0.3781071734375 0.21040625 0.391261884375 0.2601 0.41904062187499996 0.31084375 0.42635263593749995 0.3499625 0.4234312875 0.41233125 0.3678738109375