5 0.581213228125 0.124339703125 0.581213228125 0.12059909843750001 0.57577195625 0.099858278125 0.5562808671874999 0.0022976171875 0.55207215 0.0021258328125 0.554011165625 0.0185956625 0.5744814265625 0.10971870312500001 0.581213228125 0.124339703125
5 0.6026733953125001 0.0668713765625 0.6026733953125001 0.039388018749999996 0.608224178125 0.0026197125000000003 0.6001503109375 0.0016319515625 0.5970066562499999 0.031453725 0.5978569890625 0.06743826562500001 0.6026733953125001 0.0668713765625
2 0.536143440625 0.44330685000000003 0.557706678125 0.4283208078125 0.5963281078125 0.3703285375 0.6264204421875 0.31014386875 0.6199634953125 0.24143010468749998 0.6092420015625 0.17271634062500002 0.5791496671874999 0.1211810171875 0.544792784375 0.09108868437499999 0.5017865578125 0.06538329375 0.4653575265625 0.0546618 0.41382220312499995 0.0546618 0.32792999843750004 0.06757569218750001 0.233388446875 0.1319025125 0.175883615625 0.25044663906250003 0.1771032859375 0.28334120625 0.199031565625 0.32598239218749997 0.21243504375 0.35156753281249997 0.2562937515625 0.43928494687499997 0.303807171875 0.4685248015625 0.536143440625 0.44330685000000003
5 0.5357139796875 0.229501825 0.5352974015624999 0.2170152453125 0.42667811875000006 0.2099420234375 0.3555142796875 0.210356453125 0.3347068921875 0.2145200765625 0.34844105625 0.22284303125 0.43874812187499995 0.22325746249999998 0.5357139796875 0.229501825
5 0.7039403046875 0.25205711875 0.7025531453125 0.2472020609375 0.7011659859375 0.2426927203125 0.6976980890625 0.240266265625 0.6845179296875 0.23714408437499998 0.675849259375 0.23887910625000003 0.6706463390625 0.23714408437499998 0.6678720203124999 0.2322890265625 0.6155056906249999 0.2305561515625 0.6155056906249999 0.2322890265625 0.6571204640625 0.23714408437499998 0.6567747484375 0.23957268593749997 0.6571204640625 0.2426927203125 0.6598947828124999 0.24581490156250002 0.6675263046875 0.247895640625 0.6737685203125 0.2482413578125 0.67896929375 0.2503220953125 0.6817436125 0.2544835734375 0.6827850546875001 0.2562185953125 0.691453725 0.265928709375 0.7008181234374999 0.2562185953125 0.7039403046875 0.25205711875
5 0.6379665015625 0.3509877609375 0.638207 0.3512282578125 0.649284946875 0.3517092546875 0.6521752203125 0.3500236203125 0.6545823484375 0.3466523515625 0.6699957046875 0.3158256390625 0.66301266875 0.3148614984375 0.64037363125 0.34761434375 0.6379665015625 0.3509877609375
5 0.7216362468749999 0.38040369375 0.7064161484375 0.38357955781249997 0.7064161484375 0.3859222671875 0.7226390375 0.38458449687499996 0.7216362468749999 0.38040369375
5 0.77431823125 0.3574898 0.773648271875 0.3534764875 0.7719755203124999 0.351636246875 0.768129696875 0.35180373593750003 0.7631114453125 0.354479278125 0.75675756875 0.3591625515625 0.7534120671875 0.3620055828125 0.7498990765625 0.36568606406250004 0.7457182734375001 0.3698668671875 0.7423727718750001 0.373044878125 0.7410350015625 0.3735452 0.7405346796875001 0.3740476703125 0.740032209375 0.3752179515625 0.7398647203125 0.37722568125 0.7408675109375 0.381406484375 0.7488962859375 0.379063775 0.7719755203124999 0.36568606406250004 0.77431823125 0.3574898
5 0.3436117671875 0.42521580468750003 0.3436117671875 0.43020828906249997 0.344444921875 0.43312218125 0.34860639843749996 0.4322890265625 0.3523512984375 0.42771097343750003 0.358593515625 0.42396607187499996 0.5283873734375 0.41730727968750003 0.5283873734375 0.418971440625 0.4938479703125 0.42854412656249996 0.42101782187500003 0.43187245 0.33528881250000003 0.44768735312499996 0.3298797515625 0.452681984375 0.326132703125 0.4610049390625 0.327382434375 0.463085678125 0.3332080734375 0.466830578125 0.41227829062500004 0.461421515625 0.5159029421875 0.4439424515625 0.551485934375 0.4270882546875 0.57368048125 0.42084603749999994 0.5872063562500001 0.413214515625 0.6045458453125 0.4035044015625 0.621885334375 0.3958750265625 0.6544857203125 0.3941421515625 0.6562185953124999 0.39240712968749997 0.656566459375 0.3878999359375 0.6305561515625 0.3878999359375 0.6451213234375001 0.36605110625 0.6378398109375001 0.3650096625 0.6270882546875 0.3705583 0.627781834375 0.363622503125 0.6208460375 0.348363753125 0.6152974015625 0.34108009375 0.6125230828125 0.34108009375 0.6059330046875 0.3580738671875 0.609748765625 0.3688254234375 0.6090551859375 0.3809619921875 0.577148378125 0.3983036296875 0.5386536390625001 0.4090530390625 0.4751900359375 0.4094009015625 0.3468713765625 0.417378140625 0.3436117671875 0.42521580468750003
5 0.5043805031249999 0.0019884046874999997 0.5007730296874999 0.0024801375 0.5007730296874999 0.0096950828125 0.502576765625 0.01756495625 0.5071698515625 0.01789349375 0.5043805031249999 0.0019884046874999997
5 0.54868585 0.0154498609375 0.5410994203125 0.0019755203125 0.5365041875000001 0.0021258328125 0.5437685203125 0.013319734375 0.54868585 0.0154498609375