5 0.56495768125 0.3513888890625 0.56267231875 0.3805555546875 0.75741781875 0.33888888906250003 0.755334978125 0.3194444453125 0.56495768125 0.3513888890625
2 0.6272403453125001 0.4763888890625 0.6641656796875 0.48388888906250005 0.6866012734375 0.525 0.7605420781250001 0.533333334375 0.8459385015625 0.529166665625 0.871973996875 0.3638888890625 0.8553112796875 0.3194444453125 0.8157373281250001 0.283333334375 0.6641656796875 0.292222221875 0.630364603125 0.322222221875 0.5657965765624999 0.3527777765625 0.6418202234375 0.384722221875 0.6272403453125001 0.4763888890625
5 0.8813467749999999 0.3930555546875 0.8605183796875 0.441666665625 0.9136307875 0.433333334375 0.9250864062499999 0.3972222234375 0.8813467749999999 0.3930555546875
5 0.854541015625 0.45555555468750003 0.8563526984375001 0.48194444531249997 0.8740568359375 0.47083333437499997 0.871973996875 0.45277777812500003 0.854541015625 0.45555555468750003
5 0.61495768125 0.4763888890625 0.61995040625 0.5055555546875 0.8188615859375 0.454166665625 0.810530228125 0.434722221875 0.61495768125 0.4763888890625
5 0.657534875 0.523120159375 0.6471331124999999 0.5374399609375 0.6622324453124999 0.5432573796875 0.667601096875 0.529832565625 0.657534875 0.523120159375
5 0.42089920000000003 0.528711540625 0.42866487343750004 0.5521905078125 0.47300352187500005 0.5417554124999999 0.47235148281250006 0.5226244015625 0.42089920000000003 0.528711540625
5 0.43561910312499996 0.5763888890625 0.43770194375000004 0.6083333343749999 0.7334691125 0.529166665625 0.7324276937499999 0.4986111109375 0.43561910312499996 0.5763888890625
5 0.4338884515625 0.6087139453125 0.4299762171875 0.5791478390625 0.413023203125 0.5547992828125 0.39215795625 0.5261027671875 0.3628162046875 0.5330594984375 0.3530356203125 0.5643647875 0.348471346875 0.6113227203125 0.35385505156249997 0.6274637421875 0.4338884515625 0.6087139453125
5 0.440328928125 0.610453128125 0.420767759375 0.5695823359375 0.344479203125 0.6000180328125 0.2903599703125 0.6043659906250001 0.2401529703125 0.6339320953125 0.1716888828125 0.673933296875 0.1625603375 0.68175961875 0.173645 0.6956730828125 0.276667153125 0.653932696875 0.440328928125 0.610453128125
5 0.2016826734375 0.778284259375 0.21146325781250003 0.74089183125 0.158648103125 0.66436779375 0.11887372812500001 0.59653966875 0.0947482875 0.5521905078125 0.082359546875 0.5513209156250001 0.080454184375 0.562625603125 0.1012686765625 0.6113227203125 0.13973897500000002 0.68436839375 0.19385820781250002 0.760892434375 0.2016826734375 0.778284259375
5 0.0888799359375 0.7261087796875 0.0927921703125 0.7026298125 0.006070990625 0.6774116625 0.0054189515625 0.7000210375 0.0888799359375 0.7261087796875