5 1 0.2445023140625 0.9934911265625 0.196759259375 0.7852071671874999 0.20254629687499998 0.7993097265625 0.271990740625 1 0.2445023140625
5 0.3941000796875 0.5324074078125001 0.501496496875 0.5353009265625001 0.4906476015625 0.5222800921874999 0.35179162812500003 0.506365740625 0.20642678281250001 0.45572916562500004 0.0708252484375 0.39496527656249997 0.026436621875 0.38715277656249997 0.0447897546875 0.40219907343749994 0.1022909765625 0.42390046249999996 0.19775445625000002 0.467303240625 0.3181632203125 0.506365740625 0.345283528125 0.545428240625 0.3941000796875 0.5324074078125001
5 0.49497553437499997 0.5613425921874999 0.5589794609375 0.5555555546875001 0.726040553125 0.6307870375 0.7108531796875 0.5859375 0.48846666250000004 0.515046296875 0.49497553437499997 0.5613425921874999
5 0.7900444765625 0.6944444453124999 0.9950089375 0.756510415625 0.9994132484374999 0.7378472234375 0.8084862875000001 0.6539351859375 0.7412279234375 0.6524884265625001 0.7900444765625 0.6944444453124999
5 0.210768425 0.0256802171875 0.189938603125 0.011787110937500001 0.1552221453125 0.0239436359375 0.16042953437500002 0.0569397203125 0.189938603125 0.053466459375 0.210768425 0.0256802171875
5 0.2558997953125 0.0690962109375 0.19861771875 0.07604282968750001 0.193410196875 0.10209242656249999 0.26284311250000003 0.10209242656249999 0.3513700546875 0.086462609375 0.32880443593750003 0.062149659375 0.2558997953125 0.0690962109375
5 0.13092059843749998 0.345221965625 0.20556103593750003 0.36953488437500004 0.2802013421875 0.39211118749999996 0.36352089374999996 0.41121426562499996 0.45378363281249995 0.4390004765625 0.50933004375 0.44421038125 0.5909136671875 0.48241647031249996 0.601328578125 0.4494203546875 0.563140528125 0.41816078437500004 0.50585831875 0.3973211609375 0.429482084375 0.3712715640625 0.3305402328125 0.3521684859375 0.2211833359375 0.3209089828125 0.14307130625 0.301805971875 0.043836765625 0.27604166874999997 0.051072771875 0.308752490625 0.096204140625 0.33132879531250004 0.13092059843749998 0.345221965625
5 0.653403265625 0.6508706765625 0.5787629609375 0.6508706765625 0.5232165484375 0.6369774390625 0.46767026874999995 0.6091911624999999 0.4051806703125 0.5970347375 0.4260104921875 0.6473972515625 0.5284240703124999 0.71686284375 0.53883898125 0.71686284375 0.56140473125 0.742912440625 0.5475180953125001 0.77417194375 0.5457822984375 0.8019582203125 0.5440465031249999 0.8453742156249999 0.57702703125 0.8592673874999999 0.5978569859375 0.8592673874999999 0.601328578125 0.7845918234375 0.6169510109375 0.7602788390625 0.682912334375 0.748122346875 0.7193645890625 0.7446491203125001 0.7662317546875 0.7446491203125001 0.858230421875 0.755069065625 0.9103051078125001 0.7776452375 0.981473953125 0.805431446875 0.995360325 0.795011634375 0.995360325 0.7724354640625 0.8078916625 0.7307559484375 0.7679676828125 0.7185995234375 0.715892996875 0.6630270359375 0.653403265625 0.6508706765625
5 0.9467574953125 0.355641778125 1 0.3469585796875 0.9901530671875 0.31743568906249997 0.9189842234375 0.3209089828125 0.88600369375 0.324382275 0.89121095 0.355641778125 0.9467574953125 0.355641778125
5 0.7054779531250001 0.275756375 0.72283618125 0.261863203125 0.7013888484375 0.2391493078125 0.6638181765625 0.2583899765625 0.65166746875 0.2774929875 0.6742332203125 0.2809662796875 0.7054779531250001 0.275756375
5 0.75234511875 0.635240759375 0.7749108687499999 0.623084334375 0.7887975046875 0.5935614453125 0.7835899828125 0.5640386875 0.7534721828125 0.5516493078125 0.7401944109375 0.577931659375 0.7419303390625 0.61613788125 0.75234511875 0.635240759375