0 0.370117 0.210938 0.329102 0.212891 0.292969 0.217773 0.310547 0.232422 0.341797 0.231445 0.360352 0.225586 0.366211 0.221680
0 0.281250 0.224609 0.257812 0.232422 0.239258 0.243164 0.220703 0.257812 0.235352 0.257812 0.243164 0.247070 0.262695 0.247070 0.268555 0.244141 0.277344 0.232422
0 0.157227 0.323242 0.186523 0.318359 0.195312 0.269531 0.202148 0.307617 0.220703 0.314453 0.216797 0.329102 0.191406 0.335938 0.179688 0.333984
0 0.251953 0.266602 0.282227 0.266602 0.310547 0.268555 0.313477 0.282227 0.299805 0.291992 0.276367 0.289062 0.257812 0.284180 0.248047 0.278320
0 0.227539 0.411133 0.270508 0.423828 0.262695 0.409180 0.266602 0.403320 0.274414 0.404297 0.281250 0.419922 0.295898 0.418945 0.314453 0.408203 0.335938 0.382812 0.347656 0.390625 0.344727 0.418945 0.341797 0.434570 0.343750 0.445312 0.340820 0.458008 0.325195 0.475586 0.302734 0.475586 0.291992 0.463867 0.291992 0.454102 0.285156 0.439453 0.259766 0.439453 0.240234 0.430664
0 0.306641 0.619141 0.355469 0.618164 0.416992 0.617188 0.470703 0.617188 0.508789 0.610352 0.546875 0.611328 0.583984 0.615234 0.647461 0.622070 0.635742 0.643555 0.576172 0.647461 0.490234 0.636719 0.452148 0.643555 0.399414 0.643555 0.360352 0.640625 0.327148 0.635742
0 0.208008 0.501953 0.235352 0.501953 0.231445 0.515625 0.211914 0.510742
0 0.308594 0.506836 0.320312 0.501953 0.336914 0.506836 0.332031 0.514648 0.318359 0.514648
0 0.422852 0.509766 0.435547 0.500977 0.443359 0.505859 0.442383 0.515625 0.424805 0.515625
0 0.518555 0.509766 0.530273 0.502930 0.542969 0.504883 0.542969 0.511719 0.529297 0.513672
